38
##start
0 1161 589
1 1007 2602
2 3039 2965
3 2168 1602
4 2752 3190
5 1941 879
6 1545 422
7 2222 748
8 2728 3350
9 517 2725
10 3520 907
11 3995 3390
12 2326 733
13 3495 17
14 1074 1751
15 2886 3091
16 1365 93
17 1817 3489
18 2 1275
19 575 2843
20 1401 740
21 1378 1472
22 3461 2867
23 1971 3163
24 3188 254
25 1535 1193
26 1639 1728
27 1145 259
28 3012 980
29 485 114
30 3217 2525
31 438 380
32 349 1963
33 432 3884
34 1827 396
35 1151 3536
36 3911 1248
37 2258 3773
38 1820 3775
39 3074 896
40 917 3674
41 260 3005
42 1075 3755
43 3785 795
44 3465 125
45 3273 3583
46 1695 657
47 3612 209
48 2313 102
49 2070 275
50 1472 3263
51 2894 1766
52 3308 2784
53 1404 493
54 1051 2728
55 677 1403
56 79 644
57 2460 807
58 3113 1532
59 2810 167
60 1443 2464
61 2634 1898
62 1399 3337
63 2205 2486
64 3964 3539
65 3832 1919
66 3180 911
67 3202 3363
68 2471 1830
69 3301 3016
70 3171 1041
71 2942 3609
72 1884 3410
73 3235 1879
74 2635 1249
75 3079 3939
76 1875 775
77 3288 2153
78 1320 1069
79 885 2671
80 2833 1524
81 898 2354
82 394 771
83 3826 3337
84 404 3709
85 814 3590
86 1876 768
87 2305 1916
88 366 2314
89 3299 1022
90 3528 1578
91 223 77
92 2812 678
93 1486 1741
94 721 3894
95 1064 3045
96 3474 1644
97 3827 1055
98 3644 1914
99 1920 1408
100 3300 954
101 837 2869
102 2593 1763
103 2040 2905
104 428 1479
105 2365 3425
106 439 2630
107 2233 256
108 3244 3096
109 424 413
110 1331 32
111 2205 2102
112 3904 1375
113 3008 3249
114 1749 3754
115 385 578
116 3608 443
117 3041 1387
118 3968 1119
119 1378 1758
120 185 1783
121 1632 2702
122 132 1618
123 2982 26
124 1211 1653
125 1099 2873
126 2013 1697
127 29 29
128 2285 1184
129 1168 2082
130 459 1086
131 3595 2783
132 3292 2768
133 926 3721
134 2286 3219
135 1901 3186
136 1670 2749
137 2576 1107
138 2463 529
139 2469 3226
140 808 804
141 3181 425
142 185 2536
143 2302 2412
144 1934 1794
145 587 1917
146 2321 3536
147 1664 542
148 659 846
149 2702 1593
150 150 3783
151 3626 3686
152 1779 1242
153 3888 1925
154 2513 1109
155 3945 1499
156 216 676
157 1209 1191
158 2152 852
159 402 2345
160 3767 57
161 2161 1074
162 2939 1908
163 361 1935
164 3729 1998
165 3044 1331
166 850 2920
167 2646 1099
168 2599 2941
169 3443 2315
170 76 3640
171 3084 2835
172 2555 3358
173 1769 3677
174 2613 1706
175 811 143
176 1196 3504
177 1506 1762
178 2016 1282
179 2660 2410
180 1866 1623
181 2601 3403
182 3056 1578
183 2603 2201
184 1831 3067
185 259 111
186 719 874
187 2830 1226
188 3916 2747
189 1055 3948
190 878 3499
191 3177 1660
192 3208 902
193 845 3532
194 1861 528
195 2981 3265
196 2494 1070
197 2647 2975
198 3096 3257
199 2447 411
200 1143 2297
201 117 2097
202 1768 1466
203 2442 384
204 3536 3561
205 68 922
206 2208 243
207 753 3757
208 261 1484
209 3613 3818
210 176 1862
211 3135 1117
212 1467 858
213 2466 1039
214 2437 3137
215 3523 3680
216 1477 520
217 337 2691
218 2692 704
219 1859 535
220 3092 2897
221 1430 937
222 17 560
223 61 281
224 2719 2893
225 2294 3776
226 2325 1537
227 2498 3621
228 768 2809
229 3920 2275
230 528 1653
231 1326 75
232 2392 2996
233 3633 18
234 438 2013
235 2970 51
236 107 2616
237 3528 429
238 989 2106
239 894 3519
240 3197 582
241 2035 274
242 70 2422
243 1618 545
244 3675 1863
245 3596 2238
246 2239 476
247 2886 2798
248 3891 3132
249 414 2747
250 1410 1419
251 1507 572
252 3084 3190
253 1694 261
254 3333 508
255 1134 515
256 564 1229
257 3334 3402
258 1716 1406
259 679 754
260 3220 3107
261 772 2695
262 3855 825
263 2331 3501
264 2613 850
265 3716 1390
266 2941 766
267 1443 1479
268 113 893
269 411 3379
270 1494 1776
271 2991 995
272 561 3165
273 3027 3023
274 1592 1680
275 3280 570
276 1914 654
277 1046 772
278 931 2634
279 2379 1542
280 3523 148
281 275 340
282 733 2712
283 295 1545
284 77 2654
285 2480 3997
286 3322 3473
287 2331 618
288 3862 1187
289 950 630
290 448 3811
291 2560 1727
292 1572 398
293 3417 3277
294 3129 2776
295 1206 3701
296 3976 3311
297 788 1044
298 1875 3324
299 756 109
300 1250 1309
301 3668 2922
302 2406 3231
303 3025 1985
304 198 1346
305 2217 1225
306 2443 700
307 3314 2728
308 2357 2499
309 218 2596
310 5 3416
311 912 1969
312 2477 3917
313 1342 834
314 3013 2104
315 1050 1846
316 498 3499
317 3146 2255
318 3930 2841
319 1832 3086
320 904 2787
321 2533 372
322 3255 1372
323 1207 478
324 394 2706
325 3908 1462
326 1791 1880
327 1708 2879
328 2195 1382
329 3250 2498
330 896 1953
331 2236 1926
332 10 2130
333 3309 2789
334 2051 2144
335 2324 217
336 449 2030
337 1165 453
338 154 3111
339 2733 1123
340 1571 1134
341 1249 2128
342 1635 2359
343 1918 3820
344 2468 3429
345 2108 3865
346 2423 3283
347 572 1525
348 2654 731
349 2897 6
350 2531 1986
351 2857 1114
352 3166 1133
353 2458 711
354 372 2072
355 2834 2802
356 3136 289
357 910 3827
358 3254 1940
359 1354 3511
360 878 419
361 624 789
362 3762 1423
363 2487 3723
364 1171 3300
365 3181 1340
366 890 3476
367 2578 2643
368 3401 555
369 2007 858
370 1891 3853
371 2862 1388
372 488 2411
373 72 3313
374 2255 1944
375 2360 1423
376 3303 3435
377 2794 3453
378 3460 3055
379 1677 3829
380 63 1519
381 924 3949
382 1595 3470
383 2485 1454
384 1025 3925
385 1501 3132
386 520 3390
387 3785 2586
388 2634 2505
389 1226 957
390 3857 3544
391 1223 2251
392 3048 2288
393 1727 802
394 3534 1370
395 2093 1344
396 1709 3375
397 3281 960
398 3018 1123
399 1125 3278
400 1456 580
401 1455 3225
402 2231 1417
403 2754 3928
404 2955 1255
405 3039 3159
406 1283 3491
407 737 2852
408 3815 1664
409 3014 2201
410 1698 2732
411 1201 239
412 2301 2233
413 3721 1093
414 545 2183
415 1572 1017
416 995 2333
417 3954 1474
418 1360 2225
419 483 1046
420 169 57
421 275 1026
422 3497 3177
423 2115 634
424 3959 1242
425 3889 3494
426 1825 2210
427 1772 3334
428 1824 620
429 1734 1937
430 2140 3621
431 2413 617
432 2159 713
433 2137 3443
434 3842 938
435 3432 2795
436 3504 3434
437 747 1244
438 3762 1923
439 135 2094
440 3642 512
441 779 912
442 2836 2495
443 2551 1500
444 1005 2416
445 1212 2434
446 1945 2584
447 1850 498
448 1972 2576
449 2456 1518
450 1427 1426
451 3256 3650
452 1431 2137
453 2879 896
454 1190 3762
455 276 1445
456 482 1108
457 3707 1955
458 878 2307
459 3876 838
460 2834 2269
461 3594 2647
462 3198 580
463 3418 1305
464 3739 1491
465 2963 2320
466 855 1950
467 509 2290
468 410 2837
469 719 1190
470 2121 701
471 230 450
472 380 560
473 3220 643
474 1879 3254
475 2139 458
476 2561 1808
477 3837 296
478 790 3733
479 3025 906
480 2725 214
481 284 1129
482 1037 2212
483 3097 3400
484 3258 1500
485 953 2808
486 558 1707
487 1533 785
488 194 1964
489 3549 1196
490 3973 1933
491 3729 2464
492 134 3755
493 307 2443
494 607 820
495 3615 3154
496 1100 2725
497 3421 1713
498 2992 3968
499 366 3040
500 1774 1892
501 683 3389
502 3782 2981
503 1490 1608
504 1379 2342
505 90 1727
506 2324 1920
507 1117 1449
508 2936 1561
509 26 3943
510 293 1626
511 3834 1419
512 3245 715
513 1180 1007
514 1997 2350
515 322 3424
516 198 810
517 400 2613
518 1560 843
519 3801 3781
520 2410 3650
521 620 3421
522 2671 148
523 3147 2332
524 18 805
525 768 499
526 1428 2080
527 1599 2093
528 1297 2123
529 2673 939
530 3412 3124
531 352 1534
532 1310 474
533 3959 577
534 1048 2708
535 454 1502
536 1140 3101
537 923 2192
538 450 2600
539 578 3546
540 478 286
541 1054 3464
542 3359 2130
543 2544 22
544 1931 460
545 2544 1478
546 111 1608
547 3935 1231
548 1496 494
549 94 817
550 664 3326
551 2129 978
552 223 2088
553 2003 98
554 2196 3863
555 1922 2882
556 2782 3883
557 819 3366
558 2086 74
559 1188 538
560 3093 2556
561 2877 3869
562 3813 2795
563 2273 913
564 986 3225
565 115 1617
566 3121 1475
567 2734 853
568 383 3787
569 515 2309
570 1473 491
571 1586 2590
572 3618 1050
573 3331 3225
574 2998 2613
575 32 547
576 1106 129
577 3329 2388
578 1079 3677
579 274 499
580 3370 3985
581 6 2409
582 2097 3288
583 1352 2179
584 3193 2693
585 2455 638
586 1938 1201
587 2802 2644
588 2281 3671
589 3878 291
590 3648 2695
591 1433 1508
592 3922 2198
593 2365 3067
594 1562 3631
595 2242 3468
596 1342 904
597 2711 2911
598 2296 3652
599 2622 1130
600 1790 3392
601 2798 59
602 2744 1307
603 213 2915
604 1791 2618
605 2060 543
606 707 3700
607 2869 353
608 515 2912
609 311 2461
610 452 1838
611 2480 3222
612 973 701
613 2800 1328
614 480 2106
615 2312 1572
616 190 3231
617 2126 3063
618 3326 409
619 2499 3355
620 3881 3435
621 3063 1501
622 2377 2103
623 1051 2416
624 862 2448
625 2041 3858
626 3448 930
627 1089 1435
628 3657 3801
629 3422 1601
630 2093 1711
631 51 2069
632 1707 2282
633 697 3887
634 3225 425
635 291 1501
636 1911 177
637 2465 2499
638 365 1289
639 1383 2952
640 2052 751
641 1554 1905
642 323 1159
643 545 3161
644 2501 1373
645 1299 1819
646 634 2265
647 1854 3413
648 3664 504
649 3949 3943
650 2425 3269
651 2017 1456
652 983 2018
653 189 3655
654 1442 3607
655 3047 2377
656 3081 3069
657 635 3944
658 1819 3100
659 2398 2644
660 3957 1428
661 1917 304
662 1989 9
663 637 1428
664 3864 3792
665 17 3442
666 1255 2575
667 2407 2416
668 969 2338
669 2847 2234
670 2645 1926
671 3556 1894
672 1799 3697
673 2449 3647
674 3390 2470
675 3148 1952
676 1688 1562
677 3479 1106
678 836 1597
679 3795 2656
680 765 2289
681 904 3403
682 371 1528
683 2188 3195
684 553 2092
685 3712 3058
686 2745 3425
687 1213 218
688 3580 3532
689 44 3715
690 2062 1659
691 1114 2788
692 408 307
693 1267 1229
##end
694 1745 2119
695 2650 1507
696 3698 545
697 2472 2001
698 3238 3290
699 2721 172
700 552 679
701 136 3497
702 962 1712
703 573 3099
704 2637 1522
705 2684 2067
706 197 2878
707 433 270
708 3993 1366
709 2927 549
710 369 1700
711 70 2128
712 705 3812
713 2152 1944
714 640 39
715 3799 2841
716 2053 1629
717 651 2886
718 785 2332
719 3267 3823
720 3352 3601
721 920 2408
722 2439 1155
723 3653 1481
724 1362 2609
725 373 1457
726 3591 3902
727 61 3685
728 906 3443
729 3561 3631
730 3586 3657
731 12 1790
732 2449 2939
733 2365 3114
734 466 1804
735 1216 546
736 2976 3943
737 3400 2292
738 1029 180
739 1612 1483
740 3519 1572
741 3911 1678
742 2557 2615
743 2448 481
744 2517 2958
745 3798 1104
746 1775 1775
747 2239 1572
748 2875 3501
749 1804 947
750 407 2458
751 2189 2779
752 1526 2065
753 1735 1054
754 3622 1040
755 3494 960
756 1447 1966
757 3307 2032
758 666 2180
759 896 581
760 1963 3542
761 1169 1308
762 3507 3441
763 1007 160
764 1687 579
765 2327 1951
766 1577 333
767 3813 1720
768 3318 3772
769 3467 1582
770 64 2398
771 3774 3469
772 3549 3476
773 2632 3359
774 1839 3444
775 3007 3950
776 3639 3392
777 3270 1392
778 1367 672
779 42 224
780 1660 2039
781 376 1080
782 1145 2514
783 281 1292
784 1244 3919
785 2129 985
786 1550 2740
787 2346 1775
788 3029 3755
789 1653 1759
790 2237 894
791 3947 39
792 410 4
793 175 2526
794 871 416
795 3194 507
796 1794 1939
797 1520 3359
798 878 1553
799 3970 2714
800 3543 3083
801 2092 759
802 1467 858
803 3946 3316
804 3387 3978
805 618 3889
806 224 3501
807 3125 3165
808 162 3574
809 3165 3195
810 3707 3197
811 230 2823
812 1342 930
813 1725 1303
814 3520 2893
815 1741 3730
816 2913 1441
817 3412 1660
818 1966 1065
819 716 2847
820 3524 1012
821 777 573
822 98 358
823 3804 2984
824 16 2726
825 630 1766
826 342 723
827 546 2908
828 3763 1614
829 2759 773
830 2570 2035
831 701 3140
832 473 596
833 663 3554
834 3405 3198
835 85 1071
836 785 3577
837 1131 3737
838 716 1108
839 2560 3009
840 107 776
841 2295 2125
842 1081 3952
843 487 1036
844 1933 2911
845 973 2616
846 698 3113
847 969 2924
848 2779 2097
849 3109 2240
850 2397 2670
851 1845 3283
852 2702 2005
853 1135 3446
854 1244 2968
855 2438 465
856 134 2190
857 3330 792
858 530 1079
859 2157 1703
860 1036 1052
861 1752 1750
862 2515 769
863 2893 3955
864 913 186
865 1697 760
866 2239 3983
867 310 3353
868 3760 2880
869 3589 3656
870 2337 2737
871 412 1838
872 3676 2907
873 2902 785
874 565 1058
875 3112 975
876 1947 3643
877 3425 3081
878 1981 3625
879 2339 477
880 1582 1894
881 3862 3002
882 292 2934
883 2195 1145
884 272 2101
885 2095 2867
886 1071 3354
887 1180 1231
888 813 3395
889 3201 3774
890 2956 182
891 3490 3350
892 778 3103
893 465 1040
894 2407 3941
895 3088 2558
896 2251 1229
897 1622 463
898 3280 1839
899 1129 284
900 3297 153
901 2506 1684
902 425 986
903 3547 991
904 3623 206
905 2518 908
906 1395 712
907 3056 138
908 1484 1495
909 2541 2780
910 362 926
911 1313 1162
912 726 1250
913 660 3649
914 3724 3112
915 883 1302
916 1940 2799
917 3963 701
918 1002 777
919 236 3944
920 458 1529
921 3107 2372
922 1024 1316
923 3611 1006
924 3113 3380
925 3677 455
926 685 572
927 3515 1510
928 3916 3569
929 3920 2029
930 1705 1517
931 932 2206
932 253 1367
933 2442 119
934 2218 3445
935 1594 2505
936 2358 3388
937 3618 3789
938 1285 715
939 897 2477
940 721 1845
941 2224 2410
942 3950 422
943 2894 3536
944 188 2149
945 3856 2267
946 2624 333
947 2369 2352
948 3948 3271
949 685 3267
950 3273 1042
951 1859 660
952 2978 1058
953 1478 2028
954 2057 3598
955 2410 2175
956 1562 1453
957 2807 1134
958 1674 1096
959 1032 1379
960 1623 2239
961 2838 727
962 2445 2394
963 2957 2229
964 1759 1883
965 155 1649
966 3857 1262
967 2182 73
968 3857 794
969 3016 491
970 1112 2900
971 214 818
972 583 121
973 1593 3882
974 2561 1485
975 3670 2664
976 2703 877
977 259 2063
978 2964 2570
979 197 763
980 3044 3259
981 2289 2594
982 2390 928
983 3446 3375
984 979 523
985 2109 3352
986 2977 2385
987 3170 1543
988 918 2506
989 3881 551
990 470 3709
991 2590 267
992 3814 737
993 979 1073
994 1002 2849
995 1026 231
996 2568 2051
997 3974 2457
998 1531 2682
999 2877 3824
1000 465 3704
1001 3184 2341
1002 582 1053
1003 1333 3430
1004 140 2653
1005 597 3933
1006 2328 3999
1007 2417 1916
1008 3866 3455
1009 2345 2371
1010 1647 3488
1011 2020 3871
1012 3412 2434
1013 3477 1118
1014 2839 1641
1015 841 2737
1016 2922 1141
1017 240 3721
1018 2811 1856
1019 2480 1572
1020 3429 3355
1021 3382 2168
1022 2073 480
1023 1759 1718
1024 437 3535
1025 2469 3700
1026 3634 2477
1027 45 3856
1028 318 1879
1029 158 2414
1030 3196 1179
1031 2222 25
1032 1891 2008
1033 628 46
1034 3149 3467
1035 3124 3510
1036 2027 2698
1037 2856 1915
1038 1593 3028
1039 153 3567
1040 1400 2703
1041 918 2502
1042 3932 700
1043 137 923
1044 2356 3309
1045 746 235
1046 658 3302
1047 1825 661
1048 3645 840
1049 3438 1582
1050 3311 1799
1051 2563 3632
1052 3437 2341
1053 517 3088
1054 2083 2670
1055 1279 3691
1056 484 3569
1057 837 849
1058 1389 3356
1059 584 3100
1060 419 1356
1061 1316 1284
1062 2804 2268
1063 1279 2870
1064 2032 3076
1065 797 2792
1066 2378 444
1067 387 3315
1068 2854 1770
1069 1327 2190
1070 2651 1293
1071 2964 3519
1072 2312 3099
1073 540 3414
1074 2013 674
1075 2305 1096
1076 1382 1393
1077 3449 226
1078 2877 421
1079 100 873
1080 1689 2871
1081 2337 1000
1082 2575 2795
1083 1841 3351
1084 1603 1793
1085 3659 1289
1086 3369 1738
1087 2191 3438
1088 1286 338
1089 1195 204
1090 2250 3415
1091 1309 239
1092 478 2167
1093 398 778
1094 337 1042
1095 3680 1175
1096 842 220
1097 1381 2195
1098 579 1137
1099 820 1064
1100 1388 3051
1101 944 2495
1102 2489 341
1103 818 2891
1104 1533 1220
1105 3910 3876
1106 347 1949
1107 2716 3061
1108 1752 1330
1109 2765 2428
1110 1135 448
1111 2732 2440
1112 529 102
1113 746 2737
1114 3325 2497
1115 83 2901
1116 2089 1210
1117 3885 1736
1118 597 1747
1119 2615 1566
1120 2572 2640
1121 522 1875
1122 1562 599
1123 591 910
1124 3021 2948
1125 548 1022
1126 2682 614
1127 1914 1915
1128 3504 945
1129 1174 33
1130 418 1758
1131 1809 923
1132 2738 1490
1133 1069 120
1134 971 1802
1135 2545 955
1136 3406 817
1137 1034 1237
1138 818 3096
1139 3125 1717
1140 1407 1212
1141 503 442
1142 810 3578
1143 1525 2666
1144 997 80
1145 3497 1129
1146 3177 1316
1147 54 2100
1148 3004 2500
1149 2137 761
1150 291 3831
1151 2366 3571
1152 3311 221
1153 1171 222
1154 1120 1306
1155 3118 1978
1156 3467 532
1157 1696 1401
1158 1492 2218
1159 996 2618
1160 2204 2496
1161 251 881
1162 1984 1601
1163 3793 126
1164 1627 1095
1165 1900 3771
1166 558 1485
1167 2097 754
1168 3174 413
1169 2829 1524
1170 1512 1468
1171 2933 203
1172 2740 2540
1173 1243 918
1174 1387 1668
1175 3633 3022
1176 2363 2079
1177 3515 2041
1178 2124 1064
1179 663 379
1180 617 3380
1181 704 587
1182 1185 2157
1183 506 3194
1184 433 3693
1185 1188 2677
1186 2201 3398
1187 3111 2388
1188 1131 50
1189 1885 3721
1190 692 512
1191 2470 3994
1192 3576 3752
1193 3019 3562
1194 2158 2245
1195 3484 3487
1196 3292 439
1197 3465 704
1198 331 1362
1199 2977 119
1200 1813 3012
1201 3487 3471
1202 524 3891
1203 732 1516
1204 338 1564
1205 1811 1911
1206 1236 1976
1207 1957 837
1208 3317 941
1209 2746 1615
1210 713 2809
1211 2864 3753
1212 860 3225
1213 1068 1552
1214 3646 2779
1215 3472 1916
1216 2796 1562
1217 955 1337
1218 1539 211
1219 2562 1267
1220 252 2071
1221 3014 2781
1222 545 3439
1223 2462 1331
1224 3764 1434
1225 3210 658
1226 573 2489
1227 2499 2543
1228 80 1602
1229 1424 2346
1230 533 3814
1231 3721 291
1232 677 3952
1233 1221 2243
1234 2995 1860
1235 2818 3315
1236 209 2124
1237 2202 40
1238 3764 3755
1239 525 2788
1240 3370 1687
1241 3402 3779
1242 2445 378
1243 118 459
1244 2281 1204
1245 3767 830
1246 2202 1883
1247 1187 576
1248 86 2953
1249 3754 101
1250 803 3573
1251 2767 1385
1252 542 2347
1253 85 2130
1254 9 665
1255 3036 711
1256 763 840
1257 3506 3693
1258 1917 3405
1259 1620 3298
1260 2190 330
1261 1359 2337
1262 446 1548
1263 2695 2612
1264 2325 3805
1265 2405 2505
1266 2786 1611
1267 949 1129
1268 3973 3670
1269 3007 2198
1270 3938 2749
1271 3762 544
1272 851 1144
1273 1515 3475
1274 84 3524
1275 345 1092
1276 122 1156
1277 1763 2148
1278 3693 3141
1279 3861 3062
1280 3437 63
1281 2350 2499
1282 1647 3318
1283 1653 841
1284 137 3988
1285 1812 3562
1286 346 1844
1287 1053 2688
1288 1991 1849
1289 2284 1660
1290 3168 3067
1291 3294 3498
1292 1701 1937
1293 2231 3891
1294 1883 2981
1295 2625 3965
1296 1586 555
1297 545 3821
1298 3670 1363
1299 3791 1763
1300 2259 374
1301 2755 2218
1302 3961 2697
1303 562 382
1304 3061 3209
1305 2493 3872
1306 437 3904
1307 274 203
1308 3907 2899
1309 1896 2017
1310 1116 2895
1311 2852 720
1312 2931 2457
1313 3319 3465
1314 1570 3357
1315 3291 282
1316 2937 2213
1317 1559 3037
1318 2484 2574
1319 1640 2713
1320 1298 1909
1321 1075 2535
1322 3531 1258
1323 2330 3243
1324 3021 3507
1325 265 3296
1326 2464 1733
1327 294 1315
1328 794 2264
1329 2947 638
1330 655 712
1331 1092 775
1332 1156 2078
1333 1465 3841
1334 2629 3540
1335 959 1729
1336 354 1248
1337 3840 2017
1338 398 1127
1339 2203 439
1340 2500 1642
1341 2089 1340
1342 2577 3996
1343 118 2479
1344 1812 1714
1345 1647 1157
1346 1317 3833
1347 2591 315
1348 384 84
1349 1666 2637
1350 1369 711
1351 2241 3147
1352 1014 1242
1353 3408 2504
1354 1412 2240
1355 2513 319
1356 2412 3631
1357 1636 2052
1358 1991 354
1359 2749 1164
1360 2972 3238
1361 1049 674
1362 3558 2825
1363 2560 336
1364 3420 2580
1365 78 3431
1366 3740 2349
1367 1737 2807
1368 630 248
1369 3672 1875
1370 3593 2727
1371 1026 3498
1372 2677 2600
1373 3808 234
1374 1486 673
1375 998 2460
1376 1459 808
1377 319 2248
1378 2956 2717
1379 2786 1885
1380 1473 492
1381 1576 3557
1382 2543 335
1383 181 3723
1384 2371 2450
1385 3627 1194
1386 726 2019
1387 2238 1679
1388 1424 1777
1389 3948 1708
1390 612 116
1391 3365 3839
1392 2023 2068
1393 1303 515
1394 2178 887
1395 3734 1672
1396 585 2084
1397 3113 1502
1398 1717 2737
1399 2905 2846
1400 1810 2722
1401 636 3272
1402 3040 2745
1403 2352 2970
1404 3883 2966
1405 2967 667
1406 631 3718
1407 692 2042
1408 1398 1911
1409 1147 2077
1410 1236 1401
1411 166 380
1412 3353 3442
1413 2872 2038
1414 58 1355
1415 2482 1462
1416 2536 1689
1417 3564 2362
1418 134 2952
1419 262 2420
1420 2246 1713
1421 3445 709
1422 3014 2043
1423 3302 401
1424 3977 3589
1425 252 3985
1426 890 2333
1427 2772 1958
1428 901 2682
1429 2233 1258
1430 1079 3067
1431 3327 1755
1432 3464 442
1433 3585 2719
1434 281 1004
1435 2482 259
1436 2058 31
1437 834 237
1438 1784 1518
1439 123 2048
1440 3625 2797
1441 90 1606
1442 2156 3977
1443 3510 281
1444 1243 10
1445 1009 1446
1446 3237 3671
1447 1003 321
1448 2241 2048
1449 862 2018
1450 2094 3844
1451 2717 130
1452 3070 733
1453 1765 1087
1454 2553 3244
1455 3290 2186
1456 2015 2853
1457 3250 3353
1458 351 1788
1459 2872 1337
1460 1493 3723
1461 281 1774
1462 2471 558
1463 507 145
1464 3764 3325
1465 2905 1278
1466 1616 3198
1467 764 1857
1468 1056 2014
1469 3910 3206
1470 1116 1449
1471 611 1969
1472 2016 1380
1473 610 2532
1474 573 119
1475 2333 2744
1476 3899 1158
1477 941 3097
1478 3880 27
1479 1265 1200
1480 2836 2208
1481 550 2912
1482 1189 305
1483 2906 1374
1484 2775 1955
1485 446 1874
1486 1820 1268
1487 2701 3835
1488 1331 385
1489 3498 3955
1490 322 2604
1491 2705 2584
1492 3067 2801
1493 1445 1176
1494 644 3744
1495 3426 3469
1496 2218 483
1497 318 1660
1498 1566 1507
1499 1583 3766
1500 3613 1244
1501 1131 2320
1502 2416 2654
1503 1756 1398
1504 3096 2763
1505 624 2535
1506 156 3975
1507 229 2681
1508 356 3158
1509 381 513
1510 3472 3895
1511 2290 3512
1512 2777 1012
1513 1419 1459
1514 363 2964
1515 800 54
1516 1139 3473
1517 758 3671
1518 1378 3117
1519 2749 3030
1520 1359 1260
1521 2073 3332
1522 1145 861
1523 3873 2073
1524 2031 3438
1525 3549 432
1526 2972 795
1527 1495 525
1528 1140 893
1529 819 927
1530 209 2885
1531 2192 2967
1532 3881 582
1533 1190 3614
1534 1142 204
1535 898 2370
1536 2408 119
1537 1057 2713
1538 594 3732
1539 1764 3385
1540 2400 2624
1541 955 1523
1542 2698 3235
1543 968 1571
1544 2880 91
1545 1625 1100
1546 3588 1393
1547 3747 923
1548 2164 2171
1549 3594 3959
1550 960 1673
1551 91 528
1552 1666 3612
1553 3819 107
1554 1734 326
1555 2699 1782
1556 2601 1302
1557 2655 695
1558 3853 2424
1559 3749 81
1560 2339 2615
1561 2670 528
1562 2225 1381
1563 2108 3614
1564 3403 2299
1565 3517 1179
1566 1288 43
1567 849 3308
1568 1231 142
1569 3536 2013
1570 2183 3924
1571 609 2954
1572 1785 1936
1573 3858 351
1574 3867 3795
1575 844 1107
1576 2394 2174
1577 2964 3921
1578 167 178
1579 1537 887
1580 2272 2055
1581 1806 1593
1582 3879 1315
1583 3896 679
1584 229 2454
1585 513 1861
1586 2733 1
1587 3041 62
1588 3661 3080
1589 1131 3650
1590 1199 385
1591 1652 2936
1592 3109 546
1593 3064 3406
1594 1881 412
1595 1136 2480
1596 3390 1074
1597 551 3561
1598 2102 3235
1599 291 2305
1600 1302 3052
1601 3261 1377
1602 3841 960
1603 3985 1320
1604 1147 1714
1605 2551 2918
1606 1127 2589
1607 1788 77
1608 1972 2664
1609 2277 1622
1610 2279 3734
1611 2165 2572
1612 626 2620
1613 690 2046
1614 1566 1932
1615 3913 196
1616 1331 3377
1617 838 3202
1618 3825 1928
1619 2489 3482
1620 1568 838
1621 1303 3527
1622 3131 530
1623 1295 1058
1624 1895 1555
1625 3042 3004
1626 3362 350
1627 1108 1542
1628 899 3561
1629 2745 2565
1630 1263 1100
1631 2149 94
1632 382 1367
1633 3397 2764
1634 3524 1616
1635 898 1363
1636 2307 473
1637 3213 989
1638 2349 3086
1639 1087 2079
1640 1799 3120
1641 1399 1371
1642 3572 3568
1643 2420 917
1644 598 1447
1645 3140 1357
1646 108 28
1647 82 2044
1648 973 1964
1649 3879 0
1650 3275 3336
1651 2493 3758
1652 2669 1604
1653 3103 3574
1654 1592 2738
1655 2058 525
1656 1392 1829
1657 1967 601
1658 440 2901
1659 1057 1991
1660 16 3452
1661 123 1246
1662 3757 566
1663 92 2479
1664 156 3504
1665 2374 1769
1666 92 3909
1667 2375 87
1668 2832 3016
1669 1253 2083
1670 2114 558
1671 2502 1163
1672 580 2627
1673 2593 1095
1674 3526 3727
1675 3407 2583
1676 2931 154
1677 2743 825
1678 3961 2185
1679 591 2837
1680 2995 648
1681 3502 3279
1682 2193 1132
1683 934 1109
1684 3329 2142
1685 2796 3612
1686 412 1889
1687 1923 2877
1688 244 2091
1689 1252 243
1690 410 3849
1691 2365 396
1692 910 581
1693 1741 2147
1694 2396 2601
1695 1518 539
1696 1387 2801
1697 826 2355
1698 2445 3402
1699 1045 1998
1700 2387 639
1701 2148 848
1702 2497 3590
1703 1789 942
1704 791 2721
1705 3544 511
1706 2019 451
1707 2333 3184
1708 2679 2140
1709 2968 250
1710 1570 3515
1711 2430 1149
1712 2230 784
1713 1395 1105
1714 2349 839
1715 2395 2448
1716 933 2751
1717 113 967
1718 2088 1631
1719 2725 2870
1720 354 3661
1721 1657 2974
1722 3435 3927
1723 1576 1753
1724 1738 3474
1725 191 714
1726 3892 3585
1727 2144 1450
1728 748 771
1729 3736 3668
1730 1578 1673
1731 392 2978
1732 175 1445
1733 1899 1086
1734 1280 2514
1735 2379 546
1736 253 1257
1737 1525 3061
1738 1073 439
1739 2925 3224
1740 2360 1904
1741 1294 1307
1742 3683 3250
1743 1777 3643
1744 1615 1846
1745 96 995
1746 2329 1683
1747 742 429
1748 35 1477
1749 2452 3849
1750 2656 3468
1751 757 1854
1752 2361 1801
1753 785 483
1754 578 2169
1755 338 1461
1756 670 376
1757 1166 3742
1758 2909 757
1759 3817 1932
1760 2004 3729
1761 2029 3153
1762 1912 2352
1763 2451 1940
1764 1129 1612
1765 1527 687
1766 1674 496
1767 1664 3336
1768 1223 2870
1769 1330 2294
1770 1993 3665
1771 2536 2967
1772 3872 864
1773 3441 2508
1774 2403 3246
1775 3867 3524
1776 1754 2036
1777 2970 1158
1778 3573 2262
1779 3616 2151
1780 3912 2661
1781 2031 2651
1782 1952 1502
1783 1624 1530
1784 2497 873
1785 3698 2094
1786 1365 3330
1787 575 3685
1788 2801 111
1789 2544 1008
1790 844 1250
1791 1688 3018
1792 163 2289
1793 625 1459
1794 741 2555
1795 354 2904
1796 1758 1650
1797 2487 3097
1798 2007 3096
1799 507 465
1800 3890 817
1801 560 287
1802 2753 792
1803 3692 3298
1804 2583 1752
1805 3722 3773
1806 3955 2835
1807 3644 3218
1808 2596 162
1809 2950 2078
1810 1321 424
1811 434 2294
1812 2756 1848
1813 1718 1042
1814 2006 1521
1815 3604 3747
1816 1871 2644
1817 2859 1850
1818 3341 2713
1819 2560 2679
1820 3096 2301
1821 3972 2919
1822 327 2154
1823 532 1345
1824 913 1718
1825 390 604
1826 653 121
1827 1743 3921
1828 3474 1341
1829 687 514
1830 1685 2451
1831 1561 2362
1832 2479 3433
1833 1709 904
1834 2571 385
1835 1208 69
1836 3916 2332
1837 727 1947
1838 3081 2593
1839 552 3771
1840 1139 1131
1841 290 795
1842 3712 649
1843 2286 2097
1844 1847 628
1845 1419 3962
1846 2135 3239
1847 3631 589
1848 2059 3910
1849 2572 3903
1850 754 3967
1851 1977 359
1852 2486 525
1853 3038 3952
1854 5 1256
1855 1133 2043
1856 3899 1390
1857 3359 860
1858 2756 1317
1859 2966 3025
1860 2102 1452
1861 1614 2153
1862 430 1809
1863 3025 2518
1864 3663 1341
1865 2776 2113
1866 3330 1422
1867 1475 1886
1868 1658 1758
1869 789 2944
1870 2221 2658
1871 3271 3543
1872 216 512
1873 3962 181
1874 464 1037
1875 3023 3585
1876 1172 2255
1877 3286 3598
1878 1540 2166
1879 2778 550
1880 474 463
1881 3077 2587
1882 3861 3760
1883 1597 1185
1884 752 3633
1885 917 2519
1886 1806 1068
1887 241 2170
1888 2391 946
1889 3693 3872
1890 2 1933
1891 636 696
1892 2084 96
1893 1710 3136
1894 3710 3687
1895 3644 3313
1896 1478 2421
1897 222 497
1898 1562 2899
1899 636 2575
1900 447 1263
1901 1013 1151
1902 3569 2421
1903 1065 3081
1904 3685 2182
1905 2632 3909
1906 1409 3847
1907 1339 65
1908 335 488
1909 1271 126
1910 1091 290
1911 1518 1727
1912 1382 362
1913 1254 1975
1914 2430 3961
1915 133 1605
1916 3247 1531
1917 1019 2140
1918 73 1260
1919 768 416
1920 968 2662
1921 1301 935
1922 2064 970
1923 445 72
1924 1806 1772
1925 1736 3305
1926 2173 1607
1927 67 3162
1928 2820 3669
1929 3012 3900
1930 1921 1856
1931 1558 3375
1932 3786 77
1933 474 3489
1934 2581 3769
1935 806 3422
1936 2572 1282
1937 2580 1414
1938 3227 250
1939 3380 2692
1940 1505 1572
1941 3748 1153
1942 1386 2201
1943 426 2573
1944 100 2346
1945 3551 3453
1946 3639 3657
1947 1875 213
1948 718 2023
1949 757 983
1950 1498 319
1951 1236 3901
1952 86 1012
1953 1228 3337
1954 2009 1652
1955 662 1248
1956 259 1590
1957 947 522
1958 1377 450
1959 2274 1860
1960 577 3512
1961 2965 600
1962 1601 2447
1963 3038 2080
1964 2772 1825
1965 2024 3127
1966 3238 3633
1967 1886 3532
1968 3571 1814
1969 1586 1759
1970 3996 2593
1971 3754 3538
1972 3992 94
1973 999 2321
1974 1650 1990
1975 2349 1898
1976 2907 3766
1977 524 2753
1978 3248 2890
1979 748 1911
1980 1420 3491
1981 1896 3346
1982 3204 1184
1983 279 2714
1984 670 2735
1985 1750 1783
1986 2701 3087
1987 2570 252
1988 2008 1348
1989 1502 2092
1990 1005 2870
1991 1905 1988
1992 1348 2441
1993 846 1477
1994 1147 1741
1995 719 2115
1996 1169 3788
1997 2559 1885
1998 2578 3367
1999 3964 392
2000 583 121
2001 2490 51
2002 1722 3557
2003 2748 2395
2004 372 3331
2005 3161 605
2006 225 867
2007 1766 1081
2008 3216 3966
2009 943 3264
2010 1566 2725
2011 2990 2794
2012 2683 1986
2013 3610 1746
2014 2815 410
2015 1325 1600
2016 156 3137
2017 3928 1384
2018 1355 2332
2019 3844 3278
2020 3304 5
2021 3527 3689
2022 807 1919
2023 617 3743
2024 995 1812
2025 1558 386
2026 606 2507
2027 231 3110
2028 397 31
2029 3559 796
2030 3106 700
2031 1930 2163
2032 3918 1465
2033 2290 2629
2034 2353 822
2035 2276 2185
2036 104 708
2037 3739 2065
2038 1606 767
2039 1189 3433
2040 1563 2443
2041 550 2725
2042 2851 505
2043 1468 458
2044 99 2147
2045 2572 2182
2046 1013 3542
2047 1611 739
2048 935 2966
2049 2140 2644
2050 3575 1321
2051 2044 1078
2052 1429 3003
2053 2591 3531
2054 3797 1840
2055 1979 1096
2056 1771 808
2057 2798 2416
2058 1461 2696
2059 3242 1689
2060 3002 3116
2061 976 2209
2062 2001 3605
2063 1946 3829
2064 3970 824
2065 3419 1800
2066 2188 36
2067 3916 2104
2068 960 1313
2069 3941 1742
2070 3407 2672
2071 167 1937
2072 3957 809
2073 3767 3510
2074 2742 1602
2075 1632 2401
2076 350 3670
2077 2456 3667
2078 1949 1319
2079 2537 2073
2080 1558 57
2081 796 3582
2082 1366 3858
2083 632 1009
2084 1237 970
2085 3599 3306
2086 3986 2062
2087 2536 3705
2088 3663 3547
2089 237 1752
2090 946 1258
2091 778 3154
2092 45 313
2093 2037 3406
2094 3674 903
2095 1367 3379
2096 1777 2849
2097 2289 1432
2098 1960 2601
2099 2694 2398
2100 599 719
2101 3792 2267
2102 3810 475
2103 3232 3217
2104 3253 1297
2105 1674 2976
2106 3153 2708
2107 1856 1288
2108 731 1848
2109 3433 3257
2110 2871 825
2111 655 3196
2112 1282 2879
2113 3873 1045
2114 3174 1902
2115 3843 3395
2116 362 2696
2117 2331 2534
2118 3385 1775
2119 1062 3255
2120 2296 194
2121 99 1833
2122 439 786
2123 3642 2676
2124 18 1732
2125 3158 539
2126 3091 1358
2127 1472 1787
2128 2625 1355
2129 2169 2708
2130 2430 2193
2131 1224 3829
2132 3316 1779
2133 1212 3802
2134 1102 3729
2135 3971 1255
2136 3283 1017
2137 3265 1015
2138 2970 3489
2139 497 2687
2140 865 1672
2141 2733 525
2142 791 3505
2143 3608 3835
2144 2162 227
2145 1218 2057
2146 3459 3037
2147 367 341
2148 1317 3085
2149 639 701
2150 2749 1991
2151 769 1883
2152 1380 1930
2153 616 3867
2154 129 2486
2155 1609 418
2156 636 2212
2157 409 2445
2158 2958 1127
2159 1003 3920
2160 79 673
2161 3112 2374
2162 1956 3552
2163 1117 584
2164 726 1916
2165 2842 2418
2166 3351 2826
2167 840 2570
2168 254 2214
2169 1693 1418
2170 2407 2964
2171 2440 1637
2172 1715 542
2173 3336 3089
2174 663 1933
2175 1809 2822
2176 422 3766
2177 1484 3295
2178 2236 1550
2179 2820 1812
2180 133 2551
2181 589 3242
2182 720 1868
2183 2156 2578
2184 3468 1581
2185 3758 3752
2186 2157 1486
2187 2293 392
2188 1426 2545
2189 3832 3054
2190 1625 768
2191 721 1023
2192 1367 2796
2193 2349 3564
2194 2497 1726
2195 157 303
2196 3376 3215
2197 3328 1967
2198 857 1947
2199 348 387
2200 1910 1497
2201 1806 2850
2202 3588 1110
2203 3280 3679
2204 398 2977
2205 1339 1104
2206 397 3675
2207 3688 1562
2208 651 3110
2209 3348 1323
2210 3828 1968
2211 576 2514
2212 1198 2489
2213 3021 2222
2214 3988 1699
2215 2009 3498
2216 2655 277
2217 2631 1309
2218 2505 1352
2219 889 1722
2220 2486 496
2221 59 3528
2222 2185 925
2223 3445 2846
2224 3760 1235
2225 2843 3236
2226 3519 2411
2227 1451 2586
2228 3188 704
2229 3984 3305
2230 716 3855
2231 2410 176
2232 3340 2994
2233 926 2387
2234 2289 1353
2235 162 3976
2236 1499 1092
2237 1088 620
2238 2282 3590
2239 288 2842
2240 2862 2372
2241 3652 146
2242 1058 3004
2243 572 500
2244 598 1389
2245 247 1033
2246 1335 1774
2247 1893 2412
2248 3482 1516
2249 3607 3095
2250 2911 1279
2251 2551 285
2252 3293 554
2253 1865 3575
2254 2856 2831
2255 616 964
2256 2787 1135
2257 1321 3735
2258 2284 2561
2259 2053 3061
2260 3879 784
2261 3273 677
2262 1203 588
2263 1418 892
2264 2500 3396
2265 2436 806
2266 1204 2623
2267 819 2557
2268 665 2780
2269 2781 2342
2270 1 3264
2271 671 2074
2272 3203 2435
2273 1508 3475
2274 3642 1154
2275 3965 3637
2276 1614 3200
2277 1452 3271
2278 634 3892
2279 3148 2294
2280 3971 655
2281 591 2002
2282 2692 174
2283 890 2651
2284 3979 1810
2285 3870 310
2286 2276 2833
2287 2625 3093
2288 3897 2650
2289 1611 2980
2290 3130 2065
2291 1771 2972
2292 1834 1172
2293 2446 220
2294 3315 2848
2295 718 962
2296 2427 1831
2297 22 2705
2298 3050 3629
2299 682 2626
2300 380 1989
2301 938 2528
2302 3691 1899
2303 3126 72
2304 1346 1326
2305 2465 3745
2306 1020 3869
2307 2301 3804
2308 754 2519
2309 3645 2971
2310 1333 2095
2311 2035 1822
2312 2422 1942
2313 1225 1547
2314 2419 3502
2315 2567 2610
2316 2273 554
2317 281 3359
2318 1164 2502
2319 3018 1432
2320 3650 1082
2321 2790 3680
2322 1023 141
2323 3197 307
2324 1785 2769
2325 3780 1951
2326 1854 3650
2327 1443 2953
2328 3379 2736
2329 3802 2863
2330 2603 669
2331 2252 1057
2332 837 1453
2333 1708 988
2334 1245 2970
2335 314 1516
2336 3297 1764
2337 3987 3256
2338 2447 3769
2339 2293 2421
2340 3998 3898
2341 2182 3851
2342 3694 3514
2343 1673 2986
2344 2027 527
2345 2394 1733
2346 3039 2126
2347 3357 1615
2348 2129 3567
2349 1296 3708
2350 1104 3676
2351 2652 1105
2352 2961 1590
2353 1759 378
2354 775 1955
2355 3879 399
2356 1523 6
2357 1626 2342
2358 968 3885
2359 3192 2475
2360 362 1243
2361 1309 3325
2362 1326 3252
2363 3124 1113
2364 930 2064
2365 529 1168
2366 490 3762
2367 1183 1905
2368 114 647
2369 3578 1158
2370 907 58
2371 3443 944
2372 1114 1244
2373 294 3434
2374 2798 15
2375 2253 1758
2376 3911 1551
2377 2663 598
2378 936 2477
2379 3357 2505
2380 1718 3956
2381 817 3348
2382 3194 3530
2383 2148 756
2384 912 387
2385 745 595
2386 3814 410
2387 664 1223
2388 3321 2064
2389 2611 3635
2390 374 2148
2391 3486 3352
2392 3364 1331
2393 1981 2235
2394 1310 1051
2395 1306 116
2396 897 3066
2397 1558 1593
2398 3702 1749
2399 704 1483
2400 2921 3922
2401 1403 1481
2402 3005 1339
2403 2470 3585
2404 2903 3326
2405 2809 3428
2406 883 3482
2407 3286 3887
2408 3554 1880
2409 2790 1775
2410 862 788
2411 1582 2274
2412 3202 1210
2413 3100 3966
2414 1479 399
2415 2002 240
2416 2377 47
2417 3898 3031
2418 3872 3448
2419 1544 3856
2420 3122 2277
2421 1010 1457
2422 1871 1917
2423 3019 1305
2424 2372 772
2425 484 3753
2426 3090 1701
2427 3588 2257
2428 2358 3662
2429 2948 1367
2430 49 1074
2431 979 2180
2432 1470 1832
2433 2136 2232
2434 3369 2422
2435 3071 439
2436 3435 2516
2437 1890 858
2438 1532 84
2439 1104 579
2440 495 325
2441 860 954
2442 3364 237
2443 3832 1787
2444 1355 543
2445 1305 95
2446 3585 2657
2447 3794 501
2448 3061 2084
2449 2161 2393
2450 2321 818
2451 2779 1831
2452 1185 210
2453 863 2008
2454 3099 2830
2455 527 2289
2456 3931 2919
2457 1294 1471
2458 1183 1961
2459 1783 1663
2460 528 1065
2461 1503 3453
2462 3487 705
2463 2470 859
2464 615 1911
2465 1893 1348
2466 3163 1886
2467 1424 1831
2468 2336 470
2469 3715 3064
2470 500 520
2471 1342 842
2472 1645 3997
2473 1162 3732
2474 2819 212
2475 1938 3567
2476 3789 771
2477 450 3357
2478 3189 287
2479 3740 2088
2480 1182 3930
2481 2876 1543
2482 2313 1927
2483 3046 1246
2484 791 304
2485 1195 1948
2486 507 449
2487 1062 81
2488 3295 3632
2489 659 467
2490 1575 1165
2491 3639 92
2492 3368 1665
2493 2850 1073
2494 971 1376
2495 93 699
2496 2097 2590
2497 127 1640
2498 2124 940
2499 2626 3628
2500 3499 217
2501 3583 2101
2502 3919 446
2503 1322 801
2504 671 583
2505 3369 1006
2506 2412 2075
2507 706 326
2508 2035 175
2509 3803 2829
2510 656 806
2511 3712 3597
2512 2524 2471
2513 3998 1829
2514 3932 884
2515 1096 2750
2516 3328 1240
2517 247 2469
2518 2152 2982
2519 497 3913
2520 3145 3743
2521 3592 2305
2522 341 3131
2523 2630 1195
2524 3243 1999
2525 3083 1303
2526 3430 1034
2527 893 2115
2528 3190 2407
2529 2998 3350
2530 3706 273
2531 2137 397
2532 653 2229
2533 3455 1477
2534 1329 1395
2535 1493 1835
2536 3934 361
2537 1786 2238
2538 3836 3335
2539 420 3471
2540 2687 1743
2541 1442 737
2542 3049 980
2543 38 760
2544 2611 1488
2545 2495 3881
2546 2830 455
2547 1967 2722
2548 2980 1051
2549 3750 3990
2550 2067 233
2551 3339 667
2552 3981 2246
2553 3401 3861
2554 418 3281
2555 592 1324
2556 782 1429
2557 3890 1286
2558 806 224
2559 3304 1244
2560 1946 3505
2561 198 3138
2562 1744 2673
2563 103 3724
2564 1859 1030
2565 85 1204
2566 2826 2970
2567 3666 35
2568 711 3353
2569 2426 1414
2570 3463 334
2571 1699 990
2572 2521 3674
2573 1995 1291
2574 2659 84
2575 2683 1120
2576 3087 2728
2577 1652 3749
2578 2185 2732
2579 820 2268
2580 2561 3798
2581 2496 517
2582 3466 3633
2583 966 1463
2584 748 843
2585 1246 3161
2586 1521 3149
2587 2382 3174
2588 948 3247
2589 3744 132
2590 1263 1324
2591 2572 1053
2592 1051 1896
2593 2913 371
2594 523 3680
2595 545 1184
2596 2118 2757
2597 1427 1338
2598 3149 3054
2599 2468 2516
2600 2682 3846
2601 2389 1285
2602 2374 2258
2603 1640 2118
2604 1445 1832
2605 2321 1173
2606 2990 3446
2607 3833 3079
2608 3431 2722
2609 2435 2361
2610 3896 1790
2611 993 2894
2612 1674 1436
2613 1211 2146
2614 3092 563
2615 355 3180
2616 3190 2289
2617 3927 2986
2618 2730 3237
2619 11 1149
2620 2650 3917
2621 1264 2625
2622 2802 2398
2623 2754 2232
2624 43 2257
2625 2308 1993
2626 2970 3824
2627 3351 3510
2628 267 937
2629 2058 717
2630 2921 3042
2631 415 902
2632 2079 3448
2633 1235 759
2634 3227 2168
2635 2201 3391
2636 452 1944
2637 1742 94
2638 2416 3041
2639 234 162
2640 1677 3348
2641 817 1855
2642 2142 3879
2643 297 2007
2644 1274 1532
2645 1915 3301
2646 3663 2312
2647 210 2569
2648 3785 331
2649 3841 1060
2650 2157 1413
2651 655 1925
2652 2351 3033
2653 1457 359
2654 246 2996
2655 3934 3426
2656 1490 2922
2657 3375 948
2658 1740 1819
2659 2061 3783
2660 2542 497
2661 289 2717
2662 3777 1964
2663 3304 1879
2664 3117 3901
2665 430 3401
2666 2720 2683
2667 1778 2295
2668 3268 887
2669 637 2634
2670 3262 2060
2671 2511 2138
2672 3402 233
2673 3099 2346
2674 893 3266
2675 2691 1083
2676 3533 1922
2677 187 3443
2678 2334 1015
2679 1221 3164
2680 630 2798
2681 749 2876
2682 3187 615
2683 533 3122
2684 285 3505
2685 2252 1939
2686 1618 1881
2687 3091 2682
2688 1822 1297
2689 3387 3286
2690 412 1277
2691 3478 3460
2692 460 1098
2693 1751 288
2694 908 3722
2695 2595 217
2696 1782 1140
2697 1895 106
2698 2360 3707
2699 514 1569
2700 3767 2818
2701 2999 3075
2702 1479 3121
2703 1094 2832
2704 3940 228
2705 3761 1530
2706 2407 1716
2707 3775 3882
2708 3295 265
2709 3929 601
2710 795 3729
2711 1096 2677
2712 150 2014
2713 1624 1465
2714 2084 3924
2715 2309 3173
2716 1838 2195
2717 2808 233
2718 525 3791
2719 1480 2298
2720 3238 1978
2721 3787 421
2722 760 1623
2723 3696 3930
2724 3335 2489
2725 1099 2313
2726 3571 2740
2727 2126 2511
2728 2626 3849
2729 838 393
2730 1226 1859
2731 2188 336
2732 1925 750
2733 2745 2148
2734 2050 2529
2735 3762 1739
2736 3621 368
2737 3899 2246
2738 113 1155
2739 1187 2856
2740 418 2276
2741 1440 559
2742 570 1588
2743 1391 383
2744 542 2150
2745 526 2145
2746 3597 1046
2747 1781 896
2748 981 2292
2749 2780 1227
2750 424 1188
2751 32 1279
2752 1633 1651
2753 710 2169
2754 2635 1376
2755 3006 747
2756 2827 1534
2757 2555 275
2758 3841 3202
2759 3651 1589
2760 3662 3345
2761 1253 3069
2762 3161 232
2763 2703 1671
2764 3155 477
2765 3947 2958
2766 530 135
2767 3733 3754
2768 3918 2964
2769 2187 1811
2770 1480 88
2771 2059 1768
2772 3730 309
2773 1463 2868
2774 2683 2331
2775 300 1422
2776 2317 161
2777 2777 2012
2778 2349 2111
2779 2994 2027
2780 2029 3318
2781 766 2735
2782 3765 538
2783 1059 793
2784 111 156
2785 2925 1410
2786 2788 1304
2787 3947 161
2788 1394 231
2789 1903 987
2790 2375 1714
2791 3120 3168
2792 1909 3495
2793 3198 650
2794 216 345
2795 3130 1889
2796 632 2028
2797 272 2713
2798 1888 1349
2799 1139 379
2800 1426 3178
2801 444 3105
2802 1941 716
2803 3738 1816
2804 3663 1993
2805 564 2526
2806 806 3617
2807 3807 3325
2808 118 3011
2809 3069 1151
2810 794 1822
2811 2806 3866
2812 1054 2202
2813 850 983
2814 322 2240
2815 3162 1658
2816 3106 3948
2817 2026 394
2818 2903 897
2819 3429 2372
2820 1738 3266
2821 2096 1164
2822 1826 1382
2823 3526 2766
2824 1290 782
2825 3982 2313
2826 2175 720
2827 2342 1879
2828 773 3140
2829 2731 2969
2830 2473 1682
2831 3942 2810
2832 2672 675
2833 2950 618
2834 1844 761
2835 979 1865
2836 667 612
2837 2510 3770
2838 1545 3784
2839 1065 1825
2840 483 3126
2841 2882 17
2842 3971 715
2843 3228 3758
2844 891 1723
2845 205 3264
2846 318 3422
2847 2268 2719
2848 1540 3867
2849 1634 1636
2850 3548 2254
2851 3083 854
2852 3292 3598
2853 883 3289
2854 3324 1631
2855 3931 788
2856 345 1205
2857 3512 26
2858 531 1872
2859 2525 2889
2860 2192 1495
2861 523 296
2862 1228 3248
2863 3040 3538
2864 180 2571
2865 2530 3244
2866 1237 2473
2867 1316 677
2868 3627 1558
2869 11 3268
2870 1149 3773
2871 3406 603
2872 3273 95
2873 1798 1061
2874 344 3579
2875 1654 2912
2876 2579 2445
2877 983 1362
2878 3288 3553
2879 3740 3600
2880 3326 1270
2881 1443 2850
2882 203 3091
2883 607 3362
2884 569 321
2885 618 2826
2886 699 3734
2887 637 3146
2888 2457 1524
2889 2515 2940
2890 224 2384
2891 3720 1170
2892 1798 1318
2893 1841 1640
2894 3909 2116
2895 910 1297
2896 3083 2835
2897 3883 2914
2898 2947 3056
2899 1409 2396
2900 165 3578
2901 3460 79
2902 1036 57
2903 3853 2083
2904 614 3351
2905 857 2088
2906 3987 1375
2907 1645 3305
2908 791 2716
2909 3061 3524
2910 3247 661
2911 2171 2350
2912 2569 3700
2913 3797 2584
2914 1512 1140
2915 571 2149
2916 2230 1155
2917 2404 2568
2918 2963 3861
2919 405 3410
2920 3002 2245
2921 1207 566
2922 3962 403
2923 2442 1565
2924 3519 343
2925 2091 2353
2926 1723 633
2927 3297 3980
2928 1183 1655
2929 2899 231
2930 601 3703
2931 2578 1946
2932 1385 2386
2933 3622 3866
2934 762 708
2935 2717 3594
2936 252 3908
2937 1410 3256
2938 3463 2168
2939 246 3019
2940 624 16
2941 3451 3748
2942 3366 1495
2943 2267 1711
2944 3305 3706
2945 3966 325
2946 571 327
2947 301 3137
2948 3689 1083
2949 475 1576
2950 2921 2
2951 2641 1403
2952 776 2269
2953 921 667
2954 3149 2298
2955 3495 267
2956 2801 1423
2957 1687 3604
2958 1241 3260
2959 467 447
2960 1942 644
2961 1929 1795
2962 2722 3666
2963 2147 3588
2964 966 232
2965 3124 1251
2966 2035 880
2967 3940 1866
2968 3432 1073
2969 544 1393
2970 233 108
2971 2999 211
2972 1735 2694
2973 3879 1325
2974 352 3554
2975 1061 247
2976 717 707
2977 1237 3801
2978 3876 1265
2979 2266 934
2980 1380 1990
2981 738 1523
2982 2363 3077
2983 2275 2737
2984 3326 2256
2985 1417 3934
2986 2864 1820
2987 912 1020
2988 2623 2808
2989 1390 3691
2990 2181 2866
2991 961 1306
2992 1962 915
2993 2066 497
2994 3613 3656
2995 1159 3996
2996 1474 3824
2997 1514 1961
2998 19 46
2999 799 1572
3000 3451 291
3001 3908 2181
3002 3972 470
3003 2776 2565
3004 1754 599
3005 2223 2171
3006 289 2127
3007 760 3227
3008 2969 307
3009 2738 3629
3010 2043 1677
3011 1948 3564
3012 359 3735
3013 2559 3944
3014 983 3489
3015 3133 122
3016 514 624
3017 182 2769
3018 3940 1610
3019 1480 3878
3020 3279 1809
3021 3917 2924
3022 74 2181
3023 3843 3952
3024 710 2713
3025 1313 1842
3026 1855 2488
3027 2375 1713
3028 43 3657
3029 244 3190
3030 848 1355
3031 187 553
3032 318 3207
3033 748 243
3034 1487 1057
3035 2596 2471
3036 864 1575
3037 451 3729
3038 1693 1420
3039 2420 90
3040 2636 751
3041 3797 3454
3042 2671 2147
3043 2953 759
3044 3160 3942
3045 1394 2849
3046 2473 328
3047 3402 834
3048 1368 3140
3049 1793 2741
3050 317 2618
3051 656 1943
3052 2692 2328
3053 2974 1269
3054 2760 97
3055 1614 3393
3056 2218 423
3057 1027 3297
3058 3613 1125
3059 134 2546
3060 1710 1331
3061 3762 1685
3062 556 1053
3063 160 1029
3064 1327 239
3065 2570 1299
3066 2002 954
3067 3387 679
3068 3991 162
3069 2177 3962
3070 2537 1061
3071 2272 1793
3072 777 415
3073 2637 2610
3074 266 1009
3075 1408 3022
3076 3513 2602
3077 3454 2490
3078 2445 3085
3079 1439 2371
3080 3856 3852
3081 1471 3910
3082 1972 496
3083 772 586
3084 1558 265
3085 2600 664
3086 2589 2900
3087 1353 774
3088 1838 3161
3089 2734 3665
3090 2457 1406
3091 2014 241
3092 3079 1109
3093 1291 2873
3094 255 1110
3095 2597 3873
3096 1358 2352
3097 860 1657
3098 1446 3365
3099 3643 3637
3100 64 1088
3101 3213 1786
3102 2723 600
3103 3409 2800
3104 1197 967
3105 3939 3585
3106 1346 926
3107 1839 3244
3108 578 3297
3109 244 3804
3110 2657 2513
3111 592 3298
3112 3748 1658
3113 1124 1826
3114 3106 3754
3115 2618 1340
3116 3516 1886
3117 3212 1035
3118 2684 1474
3119 352 2657
3120 2790 3468
3121 1278 1675
3122 161 3639
3123 2541 782
3124 419 1877
3125 3162 3055
3126 1209 1972
3127 3974 1644
3128 1520 266
3129 3435 1934
3130 697 1774
3131 110 1414
3132 3974 502
3133 2348 2663
3134 703 2860
3135 3317 1944
3136 1528 1910
3137 653 2159
3138 1876 3840
3139 1697 2473
3140 1674 3494
3141 3791 2951
3142 3795 219
3143 3187 3071
3144 568 1906
3145 529 241
3146 3442 3639
3147 263 364
3148 1801 3161
3149 3764 774
3150 852 859
3151 1621 1571
3152 1676 3144
3153 3289 1614
3154 2958 675
3155 3382 2114
3156 3998 2960
3157 3572 1979
3158 1434 3467
3159 730 1922
3160 3307 3665
3161 827 1027
3162 119 805
3163 2063 3938
3164 2169 2846
3165 657 1663
3166 2853 2461
3167 3097 2155
3168 3716 2820
3169 3834 1058
3170 2043 2389
3171 1470 2063
3172 2038 3818
3173 2296 2481
3174 3145 2812
3175 1380 3650
3176 3926 3675
3177 2264 1263
3178 1508 1859
3179 2909 1809
3180 1879 18
3181 25 2590
3182 994 2526
3183 1833 542
3184 2785 3760
3185 2926 2921
3186 919 1516
3187 2299 2481
3188 371 2863
3189 3490 2302
3190 1708 1864
3191 1371 1889
3192 3294 1994
3193 1798 2429
3194 1251 3867
3195 1951 3717
3196 164 1666
3197 37 3018
3198 3137 2999
3199 2541 1711
3200 1623 341
3201 3097 3365
3202 3101 1000
3203 1539 3143
3204 787 3818
3205 1628 3637
3206 266 1967
3207 1920 86
3208 636 66
3209 941 2094
3210 3051 3326
3211 3471 3993
3212 3174 1932
3213 3643 2972
3214 2835 1085
3215 3458 2022
3216 2830 2793
3217 3520 2398
3218 2872 1462
3219 3663 3057
3220 2049 1666
3221 2920 2419
3222 63 1796
3223 1110 933
3224 1281 1049
3225 1029 1701
3226 3138 3384
3227 1394 2620
3228 757 3985
3229 3 260
3230 838 2301
3231 2903 20
3232 3314 11
3233 3936 3597
3234 1321 2994
3235 553 2218
3236 3781 1758
3237 1791 1708
3238 3627 412
3239 1346 1579
3240 3386 991
3241 3087 2620
3242 3186 2270
3243 48 1792
3244 3580 280
3245 93 78
3246 885 2941
3247 3375 1844
3248 175 3617
3249 3314 34
3250 59 3719
3251 3592 1959
3252 2302 3406
3253 552 2714
3254 1383 3122
3255 2964 1475
3256 446 1811
3257 3642 733
3258 71 2343
3259 192 3904
3260 1483 1469
3261 3105 1154
3262 2493 1016
3263 1069 2119
3264 359 124
3265 4 887
3266 2472 2222
3267 60 3341
3268 714 107
3269 940 2970
3270 1044 347
3271 58 3015
3272 3293 1521
3273 2326 1668
3274 2977 1544
3275 3301 1423
3276 3034 3488
3277 323 1316
3278 652 3590
3279 731 2770
3280 2890 1914
3281 574 771
3282 2649 107
3283 2722 3142
3284 3776 2329
3285 705 3752
3286 3713 677
3287 893 1892
3288 617 383
3289 1362 490
3290 3332 1505
3291 1232 3800
3292 3666 2162
3293 2740 3149
3294 3591 3444
3295 3556 762
3296 568 163
3297 584 1055
3298 3212 2839
3299 1421 1033
3300 2165 3855
3301 2254 3796
3302 3332 2460
3303 1290 3875
3304 545 2914
3305 3628 1435
3306 3029 3661
3307 341 690
3308 2875 3690
3309 117 1812
3310 3516 1179
3311 2231 2686
3312 2690 3673
3313 2849 1803
3314 1460 1041
3315 1640 3595
3316 3994 3531
3317 3293 1277
3318 408 1204
3319 3208 2307
3320 1713 940
3321 3243 1650
3322 3120 1157
3323 3422 1025
3324 2282 3046
3325 1863 430
3326 2331 2483
3327 1285 426
3328 2735 3925
3329 2805 2411
3330 3730 2664
3331 3072 2874
3332 2456 1600
3333 846 2075
3334 376 2947
3335 3445 209
3336 3077 1229
3337 26 2540
3338 3714 3697
3339 1495 1405
3340 1886 1822
3341 133 1248
3342 2038 2265
3343 3708 880
3344 3896 2283
3345 823 1852
3346 1042 431
3347 2872 3225
3348 3573 1114
3349 234 2787
3350 1065 2036
3351 1410 3636
3352 1406 1233
3353 1231 3
3354 3987 2137
3355 2583 3728
3356 1695 1645
3357 3181 2314
3358 3840 2387
3359 2897 3547
3360 842 664
3361 402 3021
3362 3885 3625
3363 3570 3422
3364 3842 2231
3365 3926 3778
3366 1082 39
3367 877 242
3368 609 1613
3369 763 1197
3370 1986 2038
3371 3573 1846
3372 553 975
3373 730 2743
3374 2243 1492
3375 1430 152
3376 904 3647
3377 1514 2190
3378 904 1850
3379 2823 3726
3380 1039 1337
3381 2512 3523
3382 3334 2205
3383 1777 439
3384 3985 2086
3385 2293 3190
3386 1647 780
3387 2200 2580
3388 3229 49
3389 831 2077
3390 514 3959
3391 2155 3018
3392 2250 1828
3393 2752 3947
3394 3545 1013
3395 1053 3391
3396 216 607
3397 681 815
3398 962 2757
3399 2039 1126
3400 361 37
3401 1292 2153
3402 3485 226
3403 2295 3497
3404 710 3868
3405 2485 2344
3406 191 3340
3407 3513 2802
3408 716 1755
3409 1806 1394
3410 3795 1301
3411 3464 3241
3412 3345 3025
3413 804 1855
3414 3622 1071
3415 2728 3793
3416 3861 3120
3417 817 3319
3418 380 1510
3419 2987 1072
3420 3603 1676
3421 166 3928
3422 2569 2970
3423 3354 1040
3424 1939 890
3425 1214 3491
3426 3672 2092
3427 322 3433
3428 505 3462
3429 2130 2063
3430 3367 2489
3431 2693 1697
3432 3555 2215
3433 2489 3159
3434 2771 692
3435 3573 398
3436 1698 667
3437 386 2195
3438 527 2332
3439 1890 651
3440 3195 343
3441 3615 3410
3442 3911 3675
3443 969 2060
3444 1670 2070
3445 915 3088
3446 585 3726
3447 863 83
3448 1168 3497
3449 1068 3648
3450 801 684
3451 993 3505
3452 867 1152
3453 1407 3221
3454 3274 3049
3455 1561 3877
3456 2172 2372
3457 3580 2608
3458 3996 3800
3459 1106 2384
3460 3277 3278
3461 2159 263
3462 3363 2499
3463 1826 3012
3464 2018 2697
3465 13 2601
3466 1586 856
3467 3655 2085
3468 92 218
3469 1736 2053
3470 626 3443
3471 3666 289
3472 2617 631
3473 3702 3482
3474 1590 1290
3475 495 2977
3476 315 2746
3477 2382 3004
3478 1098 1096
3479 3378 3298
3480 1401 1614
3481 3922 3813
3482 1886 2444
3483 2270 2094
3484 3754 374
3485 1595 892
3486 295 957
3487 743 989
3488 2870 1328
3489 542 1388
3490 1013 2434
3491 130 155
3492 1002 11
3493 3971 3011
3494 3285 3986
3495 3003 555
3496 1497 1335
3497 3081 2654
3498 114 2724
3499 3949 993
3500 3896 97
3501 1138 988
3502 811 3145
3503 2948 2417
3504 128 3628
3505 2456 2429
3506 1005 2370
3507 1753 3181
3508 2279 3331
3509 3412 3939
3510 3623 3294
3511 1415 3508
3512 2804 2605
3513 3568 3580
3514 20 3451
3515 168 1256
3516 1868 3564
3517 2481 3547
3518 2758 60
3519 3000 2646
3520 2466 1810
3521 1574 1799
3522 1955 3457
3523 3580 3032
3524 1973 17
3525 2082 477
3526 1622 1374
3527 987 445
3528 504 2371
3529 3040 1972
3530 247 604
3531 2087 947
3532 2260 3969
3533 1770 1176
3534 1611 1807
3535 163 2648
3536 2909 3670
3537 1868 212
3538 1442 410
3539 1766 2109
3540 1231 2192
3541 1001 1385
3542 2146 3397
3543 2 2514
3544 3446 2727
3545 2018 3660
3546 2748 1303
3547 393 2839
3548 635 1968
3549 699 555
3550 1834 1494
3551 604 3661
3552 2545 977
3553 3148 3911
3554 1855 3961
3555 1354 1326
3556 831 2047
3557 3774 2529
3558 3264 3400
3559 1426 3005
3560 1636 3529
3561 380 1272
3562 3441 2822
3563 3914 1301
3564 468 571
3565 2744 3112
3566 260 1338
3567 2458 2579
3568 3268 3189
3569 1426 2018
3570 577 467
3571 828 1431
3572 2722 3486
3573 1170 403
3574 120 3489
3575 3964 1291
3576 50 3040
3577 3044 1229
3578 1246 137
3579 693 2031
3580 3855 1793
3581 2810 130
3582 1273 838
3583 3024 3119
3584 3546 2889
3585 2612 2280
3586 1393 1069
3587 1205 3336
3588 2871 3608
3589 3425 2313
3590 222 2117
3591 3917 3591
3592 78 2316
3593 3242 51
3594 3683 1695
3595 2383 2791
3596 2967 386
3597 3231 2952
3598 3516 2791
3599 2696 2143
3600 3986 3002
3601 2887 1411
3602 2655 3553
3603 929 1252
3604 956 1011
3605 1531 1747
3606 3296 1876
3607 1365 2331
3608 2793 1043
3609 3800 1417
3610 3782 815
3611 1379 3907
3612 578 421
3613 3106 2392
3614 898 1826
3615 495 963
3616 350 1882
3617 3774 714
3618 3680 3059
3619 728 2173
3620 1556 3377
3621 2763 3581
3622 857 2016
3623 837 2824
3624 472 2542
3625 1583 2969
3626 3585 3057
3627 3165 3210
3628 1610 2383
3629 884 1165
3630 3145 2566
3631 2755 3
3632 2337 1561
3633 258 1789
3634 318 2080
3635 1415 269
3636 214 974
3637 2037 244
3638 123 1038
3639 2272 2414
3640 420 3505
3641 477 3183
3642 1467 2557
3643 2503 2784
3644 507 1342
3645 1254 1822
3646 1067 1934
3647 30 406
3648 3270 3632
3649 2582 1362
3650 3549 3789
3651 2580 897
3652 527 959
3653 994 3202
3654 3953 3782
3655 232 620
3656 2708 2196
3657 2530 1596
3658 1946 3864
3659 2807 181
3660 2163 3423
3661 1693 705
3662 1030 3955
3663 1549 2414
3664 2855 2269
3665 1624 1247
3666 1579 733
3667 809 940
3668 1443 1861
3669 1199 205
3670 2683 2571
3671 1136 963
3672 1615 2182
3673 557 1191
3674 1357 3731
3675 1912 1042
3676 2154 2328
3677 1988 1
3678 2298 915
3679 1915 462
3680 2585 1687
3681 2562 2111
3682 2210 615
3683 3640 2891
3684 1311 3105
3685 2900 3629
3686 579 424
3687 2904 2755
3688 1515 2874
3689 2987 1035
3690 2564 1450
3691 1009 1067
3692 1411 3563
3693 3783 2666
3694 3744 2098
3695 265 3868
3696 1001 1428
3697 2394 3925
3698 2708 2388
3699 543 143
3700 957 1233
3701 2220 305
3702 1242 658
3703 2074 3192
3704 1285 1069
3705 277 2046
3706 1252 1901
3707 135 545
3708 419 3482
3709 3971 306
3710 2626 2184
3711 2646 1300
3712 3400 630
3713 959 1949
3714 1615 101
3715 3252 932
3716 662 546
3717 3828 3383
3718 1614 1198
3719 3101 2655
3720 1801 232
3721 19 708
3722 743 2047
3723 1587 923
3724 613 2171
3725 2407 3822
3726 1507 3504
3727 3300 1396
3728 3388 1279
3729 298 2671
3730 2484 1259
3731 2620 2489
3732 1811 1450
3733 1157 1082
3734 3195 1070
3735 2134 934
3736 3754 3833
3737 3850 1479
3738 3168 2089
3739 2959 1267
3740 2553 3927
3741 2381 259
3742 185 107
3743 683 3256
3744 1318 2261
3745 1093 987
3746 3843 2608
3747 2749 2126
3748 2531 2008
3749 965 651
3750 1945 2512
3751 961 2821
3752 2343 825
3753 2140 966
3754 1777 587
3755 2927 1633
3756 2260 115
3757 1645 245
3758 988 2789
3759 608 2673
3760 2648 603
3761 1193 3507
3762 3755 3261
3763 751 710
3764 3194 1104
3765 3200 3901
3766 371 1327
3767 1547 2287
3768 3317 1257
3769 2296 1939
3770 2533 1012
3771 2555 961
3772 629 2113
3773 1229 3238
3774 3011 1873
3775 3078 3648
3776 3707 1985
3777 1228 1201
3778 698 3241
3779 1871 919
3780 3676 3207
3781 3381 1164
3782 1713 3367
3783 3765 3087
3784 3494 245
3785 711 2438
3786 2327 2528
3787 1505 1955
3788 1413 2335
3789 3560 1389
3790 1414 2520
3791 1790 279
3792 1851 2604
3793 1903 972
3794 87 1262
3795 3129 1812
3796 2222 2830
3797 738 1543
3798 2592 773
3799 468 1759
3800 3251 3929
3801 512 16
3802 3637 3840
3803 2948 1196
3804 2734 901
3805 917 1985
3806 3644 1959
3807 822 3226
3808 351 3767
3809 3830 3924
3810 2166 2625
3811 1834 2112
3812 1697 3645
3813 1609 2826
3814 1590 1432
3815 1516 3206
3816 619 3122
3817 1804 3957
3818 3086 454
3819 2363 39
3820 1862 3429
3821 2503 3870
3822 3930 746
3823 2956 591
3824 3113 1838
3825 3977 1247
3826 2987 2886
3827 1392 3941
3828 1697 835
3829 908 2940
3830 41 1447
3831 126 2107
3832 2166 198
3833 2781 243
3834 3767 1493
3835 3209 1562
3836 141 1919
3837 3911 3633
3838 156 2666
3839 3361 1055
3840 2424 2111
3841 1279 1043
3842 378 2722
3843 3375 605
3844 2361 330
3845 2138 1279
3846 1537 2961
3847 285 3772
3848 1636 721
3849 3763 3350
3850 2839 2154
3851 3410 2975
3852 269 57
3853 141 223
3854 1286 3005
3855 1639 2201
3856 559 1450
3857 3655 1341
3858 823 2646
3859 3174 3413
3860 1816 2091
3861 3754 1965
3862 883 1510
3863 2611 2809
3864 1048 960
3865 2149 196
3866 3475 2772
3867 1629 2868
3868 2944 349
3869 303 2432
3870 3663 1577
3871 3443 2187
3872 3064 1207
3873 1594 1317
3874 3227 3558
3875 2558 2780
3876 624 2571
3877 3037 3986
3878 955 2651
3879 2830 342
3880 668 1453
3881 2565 2574
3882 3803 2407
3883 899 888
3884 3852 1060
3885 1721 2197
3886 2611 1600
3887 1323 46
3888 3898 832
3889 1098 1469
3890 2931 1613
3891 3414 2461
3892 772 3185
3893 1047 674
3894 3970 2567
3895 360 1576
3896 3158 609
3897 2079 2067
3898 89 1133
3899 3069 129
3900 573 972
3901 124 392
3902 956 3322
3903 2330 2520
3904 2663 2630
3905 760 567
3906 3886 3679
3907 3574 2850
3908 3135 1376
3909 1640 3336
3910 3139 2877
3911 3605 2969
3912 1333 3640
3913 2849 3760
3914 2445 1254
3915 3247 910
3916 771 2168
3917 371 2223
3918 609 696
3919 72 3528
3920 672 589
3921 1574 2305
3922 1419 2331
3923 3147 2233
3924 1347 2722
3925 890 304
3926 95 1389
3927 1784 1536
3928 736 1827
3929 2982 2309
3930 1128 2964
3931 576 2525
3932 2799 1824
3933 3342 1778
3934 1910 2377
3935 324 1696
3936 1151 1174
3937 1971 1180
3938 2529 2600
3939 3762 3862
3940 777 3747
3941 2412 1875
3942 3697 3115
3943 992 71
3944 2981 711
3945 213 2073
3946 474 2028
3947 21 1800
3948 498 746
3949 3301 1320
3950 375 3968
3951 1131 1638
3952 499 488
3953 2439 3991
3954 1377 104
3955 3464 2030
3956 1169 2179
3957 3545 778
3958 3463 2828
3959 2147 774
3960 3265 679
3961 3422 749
3962 2729 3619
3963 1842 2262
3964 3958 3366
3965 2038 1318
3966 3702 2493
3967 1128 2901
3968 1694 1040
3969 1081 3814
3970 3002 2577
3971 2270 2106
3972 756 3773
3973 3864 3022
3974 2218 1165
3975 2385 1762
3976 1899 2394
3977 2835 79
3978 1669 577
3979 156 464
3980 897 3533
3981 2820 186
3982 2790 3051
3983 579 1679
3984 1636 2501
3985 1853 3790
3986 3559 1996
3987 1787 3574
3988 3217 2451
3989 1886 380
3990 383 3198
3991 932 2828
3992 1432 1684
3993 1943 3764
3994 1500 1638
3995 2192 1454
3996 2643 919
3997 2403 1000
3998 2904 3986
3999 2622 1940
0-3289
1-2057
2-1989
3-534
4-3763
5-1317
6-1545
7-820
8-3006
9-1675
10-1174
11-103
12-56
13-3730
14-457
15-2078
16-3558
17-3320
18-945
19-917
20-2107
21-3896
22-3667
23-3848
24-3179
25-2528
26-1220
27-793
28-867
29-1005
30-1135
31-3498
32-1562
33-3367
34-1794
35-3337
36-3613
37-2350
38-2104
39-2088
40-3084
41-2228
42-2569
43-2482
44-646
45-3914
46-3454
47-2645
48-1356
49-1374
50-2554
51-1975
52-3705
53-3176
54-1154
55-2910
56-1484
57-1785
58-2399
59-2634
60-219
61-1878
62-1658
63-895
64-710
65-1669
66-3485
67-1954
68-3512
69-3352
70-3193
71-412
72-3492
73-3430
74-625
75-197
76-1390
77-2451
78-2837
79-2206
80-959
81-1774
82-544
83-3296
84-2224
85-3505
86-2832
87-373
88-3843
89-544
90-2826
91-2841
92-1575
93-2018
94-2965
95-1582
96-1594
97-2767
98-1676
99-3009
100-1312
101-3143
102-3933
103-705
104-1235
105-1470
106-46
107-2758
108-2185
109-3123
110-557
111-3887
112-3234
113-1892
114-3305
115-3974
116-957
117-2480
118-2342
119-579
120-2247
121-3030
122-1266
123-75
124-86
125-1432
126-2728
127-1174
128-1590
129-854
130-3117
131-127
132-3672
133-407
134-393
135-3151
136-3922
137-380
138-461
139-1022
140-3877
141-3197
142-714
143-3767
144-3016
145-3929
146-1931
147-3093
148-2601
149-326
150-3406
151-166
152-1580
153-1446
154-2938
155-3638
156-1356
157-3400
158-2295
159-3893
160-2053
161-1407
162-3157
163-3692
164-852
165-2289
166-3769
167-3302
168-169
169-327
170-3980
171-3659
172-2211
173-3372
174-3614
175-3967
176-585
177-3510
178-1554
179-2679
180-1136
181-3057
182-2768
183-3732
184-3802
185-162
186-434
187-1690
188-1601
189-54
190-950
191-3845
192-3266
193-71
194-1733
195-2084
196-2519
197-2178
198-1506
199-3337
200-346
201-1624
202-3083
203-1663
204-2606
205-1651
206-2838
207-2977
208-815
209-933
210-3299
211-1551
212-1475
213-1516
214-1184
215-3309
216-2717
217-667
218-2715
219-212
220-1255
221-3271
222-267
223-42
224-961
225-3304
226-524
227-2108
228-846
229-3817
230-2631
231-3273
232-922
233-1433
234-3253
235-710
236-3524
237-3710
238-1660
239-2499
240-3380
241-2135
242-2280
243-488
244-1640
245-1309
246-1900
247-146
248-2121
249-2975
250-1612
251-1026
252-23
253-505
254-3414
255-892
256-2915
257-797
258-2674
259-496
260-3889
261-3518
262-3253
263-3926
264-3812
265-2861
266-1061
267-2982
268-1919
269-975
270-2136
271-2660
272-1240
273-1278
274-867
275-2868
276-966
277-3266
278-975
279-1359
280-1437
281-1209
282-877
283-3188
284-163
285-3103
286-1270
287-2957
288-3951
289-3597
290-2516
291-251
292-3062
293-212
294-3309
295-1291
296-1544
297-3009
298-1425
299-465
300-1501
301-1649
302-3148
303-1287
304-1257
305-1660
306-1659
307-1360
308-3778
309-2620
310-3751
311-2648
312-2626
313-2812
314-563
315-3921
316-1292
317-1792
318-98
319-1501
320-2091
321-3806
322-2585
323-3414
324-1076
325-3704
326-3351
327-455
328-662
329-3030
330-1075
331-2437
332-3419
333-683
334-3658
335-3789
336-640
337-1872
338-1773
339-2148
340-3089
341-3917
342-3240
343-14
344-1041
345-3732
346-3723
347-2188
348-94
349-2116
350-235
351-1351
352-37
353-1057
354-3667
355-3925
356-3099
357-837
358-1932
359-3483
360-23
361-3307
362-3486
363-82
364-1199
365-1149
366-3198
367-2121
368-607
369-298
370-3359
371-639
372-2402
373-1313
374-3437
375-2544
376-66
377-1266
378-2638
379-2179
380-976
381-148
382-7
383-1610
384-3099
385-2485
386-3055
387-2491
388-3379
389-550
390-3116
391-139
392-2900
393-1409
394-3104
395-2473
396-2295
397-3649
398-2137
399-615
400-3073
401-2967
402-1790
403-758
404-2377
405-3348
406-907
407-3510
408-3353
409-3501
410-1970
411-1723
412-102
413-1579
414-2614
415-191
416-2315
417-593
418-1729
419-2698
420-171
421-1639
422-3120
423-1956
424-777
425-2333
426-1926
427-664
428-2891
429-696
430-2714
431-689
432-42
433-3093
434-3506
435-2016
436-3823
437-2793
438-3317
439-2178
440-2583
441-3812
442-180
443-894
444-788
445-1460
446-2831
447-1259
448-3133
449-1872
450-3084
451-2831
452-1352
453-3240
454-3646
455-712
456-1268
457-2513
458-3834
459-2667
460-446
461-172
462-3535
463-2196
464-2418
465-1833
466-1198
467-1463
468-3402
469-1609
470-872
471-1758
472-1888
473-509
474-214
475-3033
476-3732
477-268
478-663
479-1955
480-170
481-60
482-1519
483-3703
484-1168
485-2217
486-3019
487-1312
488-762
489-1522
490-3456
491-3890
492-1956
493-450
494-3559
495-7
496-2987
497-3339
498-3256
499-768
500-3021
501-391
502-2479
503-3939
504-2395
505-2025
506-2391
507-3315
508-3534
509-1380
510-3055
511-3974
512-3530
513-1931
514-2200
515-1077
516-3146
517-2235
518-3585
519-3573
520-1072
521-163
522-404
523-369
524-2495
525-2483
526-192
527-3417
528-1477
529-727
530-1859
531-3166
532-3691
533-1206
534-1610
535-2243
536-2099
537-2875
538-2056
539-3360
540-3944
541-2697
542-3112
543-100
544-1333
545-3152
546-1642
547-3468
548-1741
549-3312
550-3809
551-2324
552-3326
553-2074
554-245
555-822
556-3669
557-1258
558-3234
559-2418
560-3478
561-1427
562-1004
563-3311
564-1029
565-2030
566-2811
567-1827
568-508
569-2509
570-3916
571-3293
572-456
573-884
574-3999
575-1731
576-2212
577-2302
578-123
579-3463
580-3067
581-324
582-1262
583-2228
584-1600
585-412
586-1931
587-3727
588-1944
589-208
590-678
591-2455
592-708
593-3605
594-3242
595-293
596-207
597-3530
598-2585
599-127
600-2327
601-2649
602-2411
603-1164
604-2357
605-2517
606-2784
607-1616
608-1861
609-1424
610-1653
611-3138
612-1180
613-1773
614-3236
615-1452
616-1456
617-692
618-2682
619-2271
620-697
621-3910
622-3959
623-224
624-3612
625-1225
626-1097
627-2968
628-1652
629-3915
630-2768
631-3208
632-3868
633-1492
634-96
635-3929
636-627
637-3842
638-559
639-1760
640-320
641-3376
642-1930
643-3541
644-852
645-153
646-2369
647-2962
648-3063
649-1616
650-3744
651-2063
652-1175
653-2457
654-3939
655-1247
656-1708
657-2797
658-2782
659-3881
660-1318
661-1496
662-1714
663-18
664-653
665-2328
666-3997
667-1898
668-682
669-3034
670-3931
671-1901
672-2541
673-335
674-3118
675-2811
676-1953
677-1403
678-2879
679-158
680-3231
681-1478
682-327
683-2948
684-105
685-1018
686-2179
687-22
688-2374
689-564
690-640
691-3752
692-1446
693-1778
694-2340
695-3612
696-568
697-113
698-626
699-2634
700-864
701-1139
702-839
703-1
704-111
705-882
706-2814
707-2574
708-3460
709-657
710-112
711-42
712-1436
713-3067
714-3676
715-392
716-2966
717-592
718-3610
719-1879
720-2699
721-572
722-74
723-2058
724-1130
725-3632
726-1248
727-3626
728-2204
729-3241
730-2382
731-3971
732-2065
733-3297
734-135
735-2421
736-2448
737-2991
738-1793
739-3478
740-1807
741-3117
742-1296
743-1205
744-779
745-2887
746-978
747-2303
748-3029
749-399
750-1898
751-2142
752-2732
753-382
754-690
755-2161
756-2427
757-1784
758-3401
759-3827
760-1693
761-1258
762-2881
763-476
764-1887
765-1787
766-1707
767-1461
768-925
769-2251
770-2515
771-326
772-3955
773-1369
774-2570
775-742
776-1561
777-3664
778-2014
779-1612
780-110
781-2332
782-2008
783-3826
784-1603
785-1630
786-553
787-2035
788-1557
789-3459
790-1498
791-2789
792-1642
793-1448
794-1599
795-3478
796-879
797-1238
798-2774
799-2521
800-425
801-270
802-560
803-3622
804-1821
805-2052
806-3615
807-1343
808-3066
809-3354
810-1658
811-1904
812-1072
813-3225
814-1111
815-2796
816-764
817-2225
818-2766
819-1981
820-844
821-347
822-3395
823-2427
824-1597
825-353
826-3929
827-1979
828-2235
829-2525
830-1811
831-3773
832-3575
833-3726
834-1069
835-2655
836-74
837-1118
838-3167
839-790
840-640
841-2676
842-773
843-962
844-1360
845-1839
846-2353
847-872
848-3598
849-1311
850-835
851-3701
852-135
853-2561
854-1817
855-914
856-1127
857-1194
858-1211
859-3894
860-610
861-124
862-2238
863-3043
864-1502
865-3196
866-1739
867-3855
868-3217
869-2492
870-448
871-2286
872-2223
873-1916
874-3328
875-112
876-1892
877-902
878-3433
879-1397
880-2636
881-1048
882-1186
883-3950
884-511
885-2826
886-3449
887-1617
888-1491
889-799
890-3576
891-1739
892-1911
893-2240
894-2690
895-810
896-3342
897-1249
898-2653
899-3435
900-1604
901-3741
902-864
903-2006
904-658
905-268
906-1361
907-1557
908-3155
909-1240
910-1832
911-3352
912-2118
913-1072
914-1085
915-2574
916-3968
917-2968
918-3495
919-1674
920-424
921-214
922-2678
923-3878
924-2398
925-644
926-1899
927-3635
928-1850
929-2776
930-3045
931-3326
932-1382
933-3137
934-418
935-1030
936-944
937-1235
938-3476
939-3794
940-236
941-3317
942-2690
943-3484
944-3964
945-3200
946-3929
947-2964
948-2747
949-3185
950-3823
951-3183
952-3999
953-3060
954-2017
955-1649
956-3933
957-2397
958-973
959-66
960-1497
961-1720
962-3582
963-681
964-986
965-2992
966-3897
967-909
968-546
969-3848
970-2958
971-1949
972-1084
973-2207
974-171
975-1561
976-1262
977-2695
978-865
979-555
980-1160
981-3282
982-2921
983-1996
984-803
985-3849
986-1747
987-1196
988-2038
989-1065
990-1384
991-2104
992-1238
993-455
994-888
995-1441
996-3542
997-2735
998-1467
999-3885
1000-1597
1001-696
1002-3396
1003-3118
1004-1464
1005-2234
1006-3971
1007-1282
1008-3184
1009-192
1010-2575
1011-1260
1012-2017
1013-1965
1014-2662
1015-3027
1016-329
1017-2815
1018-2836
1019-823
1020-1772
1021-2693
1022-1858
1023-1036
1024-3560
1025-2489
1026-1027
1027-643
1028-3650
1029-2517
1030-1851
1031-398
1032-3088
1033-3473
1034-3352
1035-3452
1036-249
1037-2768
1038-1091
1039-3957
1040-2050
1041-1066
1042-3027
1043-2191
1044-3152
1045-1267
1046-3897
1047-1431
1048-924
1049-3083
1050-3411
1051-498
1052-475
1053-1905
1054-2302
1055-2452
1056-456
1057-2037
1058-3815
1059-3665
1060-3153
1061-2562
1062-3043
1063-792
1064-3527
1065-3585
1066-2092
1067-3449
1068-361
1069-1481
1070-3856
1071-2627
1072-2510
1073-1048
1074-2590
1075-2027
1076-3253
1077-654
1078-1579
1079-341
1080-2216
1081-951
1082-2086
1083-2653
1084-1690
1085-3236
1086-2545
1087-534
1088-1130
1089-3807
1090-416
1091-1180
1092-773
1093-210
1094-1576
1095-1740
1096-2181
1097-2312
1098-3345
1099-303
1100-1756
1101-2825
1102-3772
1103-494
1104-2413
1105-3891
1106-339
1107-2729
1108-3745
1109-1642
1110-1268
1111-2234
1112-1830
1113-3849
1114-3228
1115-981
1116-1940
1117-3953
1118-3208
1119-621
1120-3505
1121-1248
1122-3283
1123-1928
1124-1583
1125-3298
1126-3748
1127-1982
1128-2030
1129-2462
1130-1375
1131-1405
1132-3206
1133-638
1134-2652
1135-3960
1136-699
1137-104
1138-3719
1139-3321
1140-2885
1141-518
1142-2081
1143-797
1144-2745
1145-1196
1146-3893
1147-2528
1148-1731
1149-1643
1150-3692
1151-2046
1152-3787
1153-591
1154-616
1155-2922
1156-3250
1157-3059
1158-2029
1159-1630
1160-2364
1161-641
1162-1912
1163-1091
1164-3227
1165-3285
1166-2288
1167-3209
1168-1831
1169-1023
1170-973
1171-3734
1172-1469
1173-2709
1174-1450
1175-2134
1176-1471
1177-3267
1178-100
1179-2674
1180-2854
1181-885
1182-670
1183-2012
1184-2987
1185-891
1186-3824
1187-161
1188-46
1189-1133
1190-3181
1191-1515
1192-2875
1193-3615
1194-1322
1195-3144
1196-1954
1197-571
1198-700
1199-1026
1200-110
1201-468
1202-1763
1203-3838
1204-2747
1205-2853
1206-3668
1207-2936
1208-286
1209-2258
1210-2761
1211-498
1212-1122
1213-568
1214-2932
1215-704
1216-2212
1217-1542
1218-100
1219-1204
1220-1699
1221-3346
1222-1930
1223-2272
1224-1467
1225-1250
1226-927
1227-2169
1228-775
1229-1536
1230-3388
1231-2432
1232-3350
1233-3159
1234-172
1235-136
1236-75
1237-676
1238-664
1239-3458
1240-1302
1241-411
1242-2051
1243-1388
1244-1634
1245-1263
1246-2185
1247-1961
1248-296
1249-3308
1250-1570
1251-2939
1252-1062
1253-2560
1254-1939
1255-651
1256-1975
1257-1184
1258-1089
1259-3888
1260-503
1261-2987
1262-2779
1263-2300
1264-2883
1265-1256
1266-1656
1267-2394
1268-2950
1269-3427
1270-52
1271-769
1272-3108
1273-55
1274-3947
1275-1887
1276-1376
1277-360
1278-643
1279-2335
1280-1995
1281-929
1282-3535
1283-2446
1284-1872
1285-349
1286-1646
1287-2235
1288-3682
1289-2281
1290-386
1291-746
1292-2678
1293-1647
1294-2655
1295-591
1296-3950
1297-1670
1298-3842
1299-939
1300-225
1301-780
1302-3096
1303-938
1304-688
1305-1363
1306-2584
1307-1605
1308-444
1309-1728
1310-1663
1311-3884
1312-3500
1313-3977
1314-2288
1315-1604
1316-3696
1317-3128
1318-3698
1319-3538
1320-2993
1321-2049
1322-2164
1323-1738
1324-1432
1325-1810
1326-9
1327-1267
1328-52
1329-1315
1330-3857
1331-56
1332-2999
1333-3798
1334-803
1335-3347
1336-1687
1337-832
1338-3187
1339-2837
1340-943
1341-2339
1342-818
1343-1745
1344-833
1345-1421
1346-2669
1347-3827
1348-1748
1349-3345
1350-142
1351-2014
1352-606
1353-2228
1354-3261
1355-1296
1356-1738
1357-1569
1358-1648
1359-1645
1360-3434
1361-1144
1362-3485
1363-2454
1364-401
1365-1547
1366-1496
1367-2795
1368-3881
1369-1357
1370-568
1371-1767
1372-853
1373-2022
1374-3355
1375-3752
1376-1333
1377-1029
1378-388
1379-1193
1380-2105
1381-1723
1382-2558
1383-2103
1384-708
1385-3730
1386-2320
1387-3813
1388-856
1389-201
1390-925
1391-2047
1392-1270
1393-894
1394-365
1395-1778
1396-1297
1397-1251
1398-3080
1399-1504
1400-3010
1401-3942
1402-2678
1403-1298
1404-3556
1405-1823
1406-3310
1407-625
1408-202
1409-3932
1410-126
1411-272
1412-229
1413-2122
1414-2097
1415-387
1416-1123
1417-3834
1418-893
1419-3716
1420-1377
1421-1623
1422-3690
1423-854
1424-524
1425-2615
1426-1719
1427-1222
1428-3372
1429-1502
1430-2008
1431-2404
1432-2049
1433-1731
1434-3647
1435-1782
1436-2471
1437-3314
1438-1345
1439-615
1440-3639
1441-2075
1442-2674
1443-2631
1444-1607
1445-171
1446-832
1447-221
1448-2740
1449-3696
1450-2267
1451-380
1452-2794
1453-3054
1454-2439
1455-2255
1456-1176
1457-3528
1458-1325
1459-3341
1460-417
1461-3373
1462-2977
1463-3540
1464-375
1465-836
1466-3047
1467-1760
1468-773
1469-2956
1470-1937
1471-2792
1472-1607
1473-3315
1474-898
1475-109
1476-3531
1477-1378
1478-1904
1479-1215
1480-3944
1481-2667
1482-1079
1483-817
1484-2377
1485-2305
1486-1121
1487-957
1488-3307
1489-200
1490-3584
1491-1632
1492-678
1493-1851
1494-3558
1495-3787
1496-1206
1497-1650
1498-1723
1499-3224
1500-318
1501-2268
1502-2797
1503-789
1504-3877
1505-3087
1506-2956
1507-1678
1508-1585
1509-2831
1510-83
1511-2331
1512-3610
1513-607
1514-383
1515-288
1516-948
1517-198
1518-310
1519-2400
1520-1767
1521-3545
1522-3725
1523-779
1524-2849
1525-3828
1526-1915
1527-3295
1528-504
1529-2706
1530-3995
1531-2888
1532-913
1533-82
1534-534
1535-1345
1536-3907
1537-3450
1538-2881
1539-99
1540-3810
1541-333
1542-445
1543-219
1544-3888
1545-3473
1546-3869
1547-3686
1548-3165
1549-2728
1550-3639
1551-1683
1552-334
1553-1049
1554-921
1555-3521
1556-2504
1557-3358
1558-1767
1559-2668
1560-897
1561-1123
1562-2277
1563-3093
1564-2005
1565-323
1566-1581
1567-1854
1568-2134
1569-285
1570-1639
1571-1812
1572-2024
1573-1119
1574-3285
1575-3335
1576-941
1577-3391
1578-908
1579-807
1580-1252
1581-926
1582-144
1583-2865
1584-922
1585-1070
1586-1311
1587-1116
1588-2554
1589-3134
1590-1882
1591-3307
1592-3161
1593-2972
1594-3481
1595-3912
1596-754
1597-2088
1598-1452
1599-2739
1600-2865
1601-1552
1602-530
1603-2924
1604-935
1605-3567
1606-1889
1607-1715
1608-1778
1609-1284
1610-412
1611-2822
1612-1299
1613-2005
1614-3884
1615-2890
1616-2260
1617-611
1618-824
1619-689
1620-3723
1621-1703
1622-2714
1623-1849
1624-273
1625-1748
1626-3986
1627-361
1628-3652
1629-1451
1630-3881
1631-1555
1632-733
1633-3313
1634-325
1635-239
1636-3859
1637-2812
1638-2155
1639-3325
1640-3342
1641-3417
1642-1538
1643-96
1644-1593
1645-2256
1646-2352
1647-582
1648-254
1649-3625
1650-2122
1651-496
1652-682
1653-3569
1654-3667
1655-1945
1656-2146
1657-3660
1658-3249
1659-3095
1660-1364
1661-1327
1662-1636
1663-1707
1664-327
1665-2862
1666-2933
1667-1335
1668-3140
1669-3535
1670-1733
1671-384
1672-2976
1673-1153
1674-1074
1675-2915
1676-3539
1677-3267
1678-3374
1679-2879
1680-488
1681-2707
1682-817
1683-1834
1684-2863
1685-3069
1686-3597
1687-576
1688-549
1689-3402
1690-765
1691-3135
1692-355
1693-243
1694-3943
1695-3804
1696-1150
1697-1029
1698-2572
1699-3677
1700-3960
1701-660
1702-933
1703-3598
1704-907
1705-3462
1706-3248
1707-1425
1708-3538
1709-338
1710-1479
1711-117
1712-292
1713-945
1714-1716
1715-266
1716-453
1717-434
1718-3779
1719-1874
1720-1408
1721-63
1722-3775
1723-2986
1724-2599
1725-2299
1726-1132
1727-1338
1728-386
1729-959
1730-2320
1731-3807
1732-2225
1733-1138
1734-2986
1735-2685
1736-3367
1737-3172
1738-2972
1739-2054
1740-1729
1741-702
1742-544
1743-1712
1744-264
1745-1064
1746-962
1747-3586
1748-2594
1749-3105
1750-2995
1751-134
1752-745
1753-1232
1754-3116
1755-3529
1756-3697
1757-2660
1758-1833
1759-1036
1760-2963
1761-1308
1762-3951
1763-3755
1764-3333
1765-3884
1766-1757
1767-2673
1768-373
1769-2076
1770-157
1771-375
1772-2047
1773-1349
1774-2670
1775-216
1776-2900
1777-2908
1778-3821
1779-1838
1780-644
1781-2489
1782-3362
1783-284
1784-2834
1785-1641
1786-1110
1787-3911
1788-1616
1789-1910
1790-1331
1791-2747
1792-3860
1793-2850
1794-1978
1795-1682
1796-2354
1797-3674
1798-157
1799-3840
1800-1447
1801-3927
1802-3344
1803-1927
1804-3445
1805-562
1806-3182
1807-798
1808-440
1809-2536
1810-2789
1811-382
1812-1934
1813-553
1814-3425
1815-2882
1816-2623
1817-996
1818-2635
1819-2760
1820-1800
1821-2794
1822-2068
1823-3460
1824-236
1825-2446
1826-831
1827-1765
1828-28
1829-2845
1830-469
1831-822
1832-144
1833-547
1834-3544
1835-3050
1836-202
1837-1018
1838-94
1839-1723
1840-1195
1841-2351
1842-1444
1843-2309
1844-2456
1845-413
1846-2513
1847-1452
1848-3440
1849-560
1850-2706
1851-2375
1852-3142
1853-3472
1854-3452
1855-1251
1856-833
1857-3170
1858-1002
1859-2161
1860-510
1861-268
1862-649
1863-296
1864-1530
1865-1105
1866-761
1867-2154
1868-3129
1869-2383
1870-1390
1871-3727
1872-3874
1873-593
1874-2036
1875-43
1876-3814
1877-3096
1878-1827
1879-1185
1880-2832
1881-2444
1882-3773
1883-3338
1884-3455
1885-2466
1886-3436
1887-3759
1888-256
1889-1260
1890-642
1891-341
1892-3120
1893-781
1894-1076
1895-3689
1896-2086
1897-236
1898-1310
1899-1907
1900-1631
1901-289
1902-2278
1903-2340
1904-2284
1905-3571
1906-2597
1907-2925
1908-47
1909-2371
1910-2676
1911-2066
1912-829
1913-1379
1914-268
1915-938
1916-3790
1917-3168
1918-2067
1919-2474
1920-3284
1921-3663
1922-3988
1923-58
1924-1856
1925-1798
1926-3919
1927-3334
1928-2076
1929-3240
1930-796
1931-201
1932-556
1933-50
1934-3073
1935-1004
1936-2483
1937-2626
1938-1118
1939-3420
1940-2326
1941-554
1942-2222
1943-1307
1944-1042
1945-3333
1946-3288
1947-1854
1948-3147
1949-3743
1950-72
1951-1462
1952-2970
1953-1409
1954-1361
1955-1400
1956-3660
1957-2013
1958-1108
1959-2455
1960-540
1961-1573
1962-2572
1963-1459
1964-985
1965-2366
1966-1577
1967-2574
1968-2487
1969-1284
1970-3333
1971-50
1972-3166
1973-819
1974-617
1975-2955
1976-300
1977-461
1978-1361
1979-1354
1980-3227
1981-591
1982-1481
1983-3124
1984-75
1985-1370
1986-3100
1987-1214
1988-2075
1989-2974
1990-2142
1991-2965
1992-193
1993-1358
1994-1326
1995-1345
1996-3088
1997-2288
1998-3679
1999-3668
2000-3046
2001-3051
2002-1708
2003-2852
2004-1865
2005-1732
2006-3243
2007-3988
2008-1476
2009-2204
2010-3981
2011-3655
2012-1286
2013-2087
2014-1647
2015-2061
2016-2626
2017-3222
2018-121
2019-1811
2020-3550
2021-771
2022-2422
2023-1188
2024-1638
2025-3460
2026-3232
2027-1820
2028-2735
2029-766
2030-737
2031-2563
2032-706
2033-939
2034-1389
2035-3502
2036-2099
2037-874
2038-1026
2039-1978
2040-2626
2041-1213
2042-893
2043-1513
2044-2841
2045-217
2046-923
2047-3084
2048-1274
2049-2715
2050-3842
2051-2382
2052-3955
2053-1658
2054-216
2055-694
2056-3577
2057-3369
2058-1556
2059-2752
2060-657
2061-1712
2062-2469
2063-1440
2064-2623
2065-664
2066-1671
2067-1994
2068-2232
2069-1478
2070-889
2071-2904
2072-3361
2073-3684
2074-3253
2075-870
2076-1531
2077-2335
2078-2635
2079-1164
2080-3707
2081-3554
2082-2182
2083-625
2084-722
2085-3405
2086-3689
2087-453
2088-146
2089-1315
2090-649
2091-1471
2092-659
2093-2011
2094-1826
2095-2873
2096-1506
2097-669
2098-3466
2099-1387
2100-3458
2101-231
2102-2352
2103-3287
2104-264
2105-1689
2106-2904
2107-1683
2108-979
2109-3858
2110-3328
2111-1401
2112-3851
2113-2328
2114-3842
2115-1111
2116-2785
2117-65
2118-329
2119-691
2120-2698
2121-2609
2122-544
2123-2353
2124-2134
2125-2531
2126-957
2127-1022
2128-1194
2129-3374
2130-1492
2131-1741
2132-571
2133-3003
2134-2702
2135-630
2136-3869
2137-1174
2138-2083
2139-2269
2140-3568
2141-1212
2142-3504
2143-1885
2144-2719
2145-3171
2146-2602
2147-586
2148-1602
2149-3210
2150-1889
2151-2230
2152-519
2153-1150
2154-3579
2155-1768
2156-201
2157-1168
2158-1785
2159-2745
2160-2159
2161-1016
2162-94
2163-2569
2164-2329
2165-3933
2166-3150
2167-3029
2168-2902
2169-1755
2170-2531
2171-1942
2172-3730
2173-2270
2174-1247
2175-709
2176-3497
2177-2155
2178-1405
2179-827
2180-1982
2181-2499
2182-1761
2183-3540
2184-447
2185-1829
2186-2415
2187-1700
2188-2779
2189-3771
2190-534
2191-3870
2192-310
2193-2182
2194-35
2195-131
2196-3593
2197-3910
2198-2893
2199-3391
2200-371
2201-942
2202-2510
2203-2558
2204-2510
2205-3724
2206-981
2207-1381
2208-522
2209-1779
2210-2244
2211-3346
2212-156
2213-1305
2214-244
2215-2258
2216-1969
2217-1180
2218-564
2219-3896
2220-1451
2221-2542
2222-695
2223-1483
2224-3997
2225-3076
2226-2709
2227-2883
2228-3240
2229-226
2230-49
2231-2457
2232-3525
2233-3583
2234-383
2235-3714
2236-1177
2237-2302
2238-2923
2239-688
2240-1395
2241-543
2242-1474
2243-979
2244-2928
2245-99
2246-3106
2247-2607
2248-30
2249-2192
2250-717
2251-2859
2252-755
2253-779
2254-3971
2255-2171
2256-2916
2257-351
2258-293
2259-2165
2260-2183
2261-2531
2262-414
2263-3170
2264-1504
2265-3910
2266-10
2267-1888
2268-2180
2269-778
2270-3987
2271-1991
2272-359
2273-135
2274-1468
2275-3740
2276-2689
2277-3121
2278-1023
2279-305
2280-807
2281-3456
2282-2737
2283-1903
2284-1749
2285-2399
2286-3156
2287-2308
2288-2670
2289-1306
2290-2442
2291-1436
2292-1400
2293-1158
2294-3637
2295-28
2296-1040
2297-1814
2298-673
2299-1474
2300-3869
2301-2276
2302-1346
2303-2625
2304-3807
2305-1809
2306-721
2307-3597
2308-384
2309-1122
2310-3807
2311-37
2312-2788
2313-61
2314-2189
2315-2646
2316-2264
2317-1597
2318-3756
2319-415
2320-3251
2321-2829
2322-2308
2323-965
2324-762
2325-2026
2326-3220
2327-188
2328-3810
2329-3254
2330-1002
2331-328
2332-1254
2333-3879
2334-1115
2335-1275
2336-2332
2337-1570
2338-1406
2339-2599
2340-964
2341-925
2342-3242
2343-844
2344-2661
2345-3872
2346-2862
2347-3346
2348-1496
2349-2029
2350-397
2351-3021
2352-3989
2353-2395
2354-3252
2355-3191
2356-554
2357-418
2358-1415
2359-1990
2360-956
2361-3612
2362-1522
2363-1485
2364-1251
2365-373
2366-2620
2367-3687
2368-2290
2369-3102
2370-2031
2371-485
2372-3157
2373-1600
2374-1417
2375-627
2376-727
2377-501
2378-971
2379-1529
2380-200
2381-3056
2382-3851
2383-3775
2384-2547
2385-3671
2386-3924
2387-2176
2388-1072
2389-11
2390-3262
2391-2942
2392-3562
2393-3432
2394-1305
2395-1487
2396-2502
2397-1244
2398-3464
2399-214
2400-2971
2401-1858
2402-3114
2403-2330
2404-3051
2405-942
2406-2977
2407-3468
2408-2981
2409-2915
2410-2024
2411-3832
2412-3358
2413-3858
2414-2107
2415-2444
2416-2052
2417-3498
2418-2609
2419-874
2420-2115
2421-1965
2422-1796
2423-2185
2424-1274
2425-1548
2426-1024
2427-13
2428-2507
2429-3162
2430-3611
2431-125
2432-2405
2433-3053
2434-346
2435-2486
2436-2132
2437-2172
2438-317
2439-46
2440-3231
2441-3794
2442-3959
2443-3511
2444-2103
2445-2956
2446-634
2447-1853
2448-2167
2449-2825
2450-2643
2451-3569
2452-2968
2453-599
2454-2953
2455-3103
2456-1143
2457-642
2458-632
2459-614
2460-3054
2461-1723
2462-3719
2463-2703
2464-2849
2465-1484
2466-2458
2467-3466
2468-3504
2469-2748
2470-1857
2471-1068
2472-464
2473-320
2474-3088
2475-1073
2476-2583
2477-2352
2478-1281
2479-1716
2480-390
2481-1246
2482-2150
2483-3710
2484-1399
2485-1323
2486-2334
2487-420
2488-3850
2489-1102
2490-2401
2491-3639
2492-3103
2493-2395
2494-1545
2495-681
2496-172
2497-2413
2498-382
2499-3485
2500-2803
2501-1822
2502-1549
2503-2381
2504-3244
2505-2293
2506-3647
2507-1919
2508-2821
2509-206
2510-3336
2511-765
2512-3356
2513-1727
2514-3258
2515-3932
2516-3400
2517-3448
2518-2835
2519-117
2520-3716
2521-1134
2522-3051
2523-2078
2524-2814
2525-1058
2526-3980
2527-2462
2528-2300
2529-3220
2530-3628
2531-1500
2532-3509
2533-3765
2534-3619
2535-1945
2536-761
2537-2697
2538-2631
2539-3270
2540-1348
2541-3462
2542-829
2543-576
2544-1318
2545-1926
2546-3042
2547-1888
2548-1108
2549-1562
2550-2868
2551-1908
2552-3850
2553-2669
2554-519
2555-2218
2556-782
2557-1479
2558-756
2559-3893
2560-1682
2561-3056
2562-1777
2563-1982
2564-93
2565-2719
2566-599
2567-3719
2568-2180
2569-3439
2570-1811
2571-942
2572-3743
2573-1868
2574-724
2575-3801
2576-65
2577-1663
2578-1937
2579-3208
2580-3053
2581-1732
2582-3026
2583-882
2584-2324
2585-2614
2586-1457
2587-735
2588-1530
2589-2112
2590-1957
2591-3164
2592-2586
2593-1581
2594-3199
2595-1906
2596-2221
2597-826
2598-2618
2599-3117
2600-1048
2601-400
2602-2283
2603-1699
2604-591
2605-3310
2606-852
2607-2268
2608-2042
2609-1146
2610-2840
2611-3189
2612-2690
2613-507
2614-3658
2615-539
2616-1180
2617-1900
2618-2167
2619-1317
2620-2021
2621-2031
2622-2628
2623-3761
2624-3725
2625-1529
2626-754
2627-2086
2628-1148
2629-3498
2630-1826
2631-2924
2632-904
2633-740
2634-2743
2635-2711
2636-2980
2637-2246
2638-3142
2639-2555
2640-1221
2641-2470
2642-3971
2643-582
2644-604
2645-2257
2646-214
2647-2303
2648-2546
2649-188
2650-3374
2651-137
2652-3026
2653-1229
2654-1927
2655-782
2656-457
2657-3572
2658-1244
2659-2406
2660-2564
2661-2818
2662-3786
2663-2168
2664-727
2665-2424
2666-3544
2667-2269
2668-2226
2669-2593
2670-1884
2671-3298
2672-589
2673-1269
2674-1920
2675-3013
2676-1012
2677-1522
2678-250
2679-3095
2680-3175
2681-934
2682-204
2683-2458
2684-30
2685-2582
2686-1355
2687-2546
2688-3690
2689-2873
2690-1842
2691-1345
2692-1655
2693-561
2694-2755
2695-2572
2696-611
2697-173
2698-982
2699-1878
2700-1505
2701-1051
2702-2546
2703-1497
2704-3824
2705-1658
2706-3275
2707-3071
2708-3469
2709-2954
2710-1532
2711-1307
2712-2252
2713-3230
2714-724
2715-3383
2716-3937
2717-34
2718-2203
2719-1859
2720-2591
2721-3732
2722-1501
2723-2493
2724-1491
2725-744
2726-1220
2727-784
2728-3603
2729-3702
2730-1293
2731-972
2732-3373
2733-2189
2734-2465
2735-2980
2736-1834
2737-1766
2738-3184
2739-725
2740-2232
2741-2949
2742-2193
2743-666
2744-1203
2745-1767
2746-3170
2747-1358
2748-40
2749-2564
2750-1596
2751-3046
2752-589
2753-1106
2754-2209
2755-2877
2756-985
2757-779
2758-599
2759-627
2760-83
2761-2672
2762-973
2763-126
2764-3969
2765-1425
2766-2769
2767-1583
2768-3922
2769-3119
2770-1029
2771-3033
2772-3673
2773-1720
2774-295
2775-260
2776-3960
2777-1838
2778-2305
2779-561
2780-1453
2781-2130
2782-3771
2783-3347
2784-2869
2785-3126
2786-292
2787-280
2788-2028
2789-2900
2790-349
2791-1903
2792-508
2793-3070
2794-2045
2795-3560
2796-971
2797-3372
2798-1222
2799-1324
2800-1976
2801-3312
2802-1978
2803-1584
2804-2220
2805-678
2806-1059
2807-691
2808-1772
2809-1304
2810-2129
2811-1228
2812-3968
2813-2719
2814-3294
2815-384
2816-373
2817-3454
2818-3940
2819-3315
2820-191
2821-2017
2822-545
2823-2533
2824-523
2825-2745
2826-353
2827-3912
2828-1262
2829-625
2830-3599
2831-2437
2832-3951
2833-2958
2834-2106
2835-3749
2836-773
2837-3623
2838-3426
2839-2827
2840-688
2841-2103
2842-869
2843-1150
2844-2952
2845-1112
2846-1979
2847-2193
2848-1442
2849-3212
2850-1805
2851-2508
2852-3722
2853-3789
2854-1418
2855-1341
2856-2070
2857-3192
2858-2300
2859-2383
2860-252
2861-1753
2862-1119
2863-1605
2864-3373
2865-3399
2866-1680
2867-1887
2868-348
2869-2439
2870-1215
2871-1124
2872-3727
2873-3983
2874-2620
2875-360
2876-408
2877-2127
2878-460
2879-2687
2880-2583
2881-105
2882-3684
2883-3096
2884-1490
2885-2351
2886-75
2887-1192
2888-1585
2889-2313
2890-2620
2891-1943
2892-578
2893-3762
2894-1542
2895-2456
2896-1994
2897-2153
2898-2189
2899-323
2900-1392
2901-2507
2902-618
2903-2264
2904-2189
2905-2439
2906-2672
2907-64
2908-21
2909-2973
2910-3333
2911-1304
2912-1144
2913-3813
2914-3991
2915-2711
2916-3870
2917-2050
2918-1524
2919-2222
2920-2110
2921-1731
2922-1824
2923-2492
2924-122
2925-861
2926-1107
2927-1368
2928-3589
2929-3355
2930-3717
2931-1308
2932-3388
2933-1993
2934-2337
2935-2331
2936-2404
2937-918
2938-0
2939-951
2940-3091
2941-507
2942-3733
2943-2498
2944-392
2945-3355
2946-1801
2947-3650
2948-2391
2949-368
2950-650
2951-2678
2952-2212
2953-3704
2954-1681
2955-971
2956-63
2957-2577
2958-3542
2959-3123
2960-793
2961-2199
2962-3636
2963-1941
2964-578
2965-1214
2966-1083
2967-2003
2968-1905
2969-407
2970-3094
2971-830
2972-2419
2973-1633
2974-2454
2975-656
2976-1771
2977-3770
2978-2429
2979-2933
2980-1938
2981-3089
2982-3803
2983-311
2984-2720
2985-471
2986-2683
2987-1708
2988-556
2989-1203
2990-975
2991-3269
2992-2692
2993-1579
2994-2314
2995-1770
2996-698
2997-3452
2998-476
2999-548
3000-1955
3001-313
3002-1869
3003-2463
3004-867
3005-847
3006-1324
3007-2594
3008-2165
3009-3998
3010-288
3011-872
3012-3553
3013-2354
3014-1805
3015-2784
3016-3225
3017-2873
3018-2105
3019-2177
3020-82
3021-196
3022-1839
3023-2007
3024-258
3025-938
3026-317
3027-745
3028-1535
3029-3516
3030-2378
3031-81
3032-3161
3033-1860
3034-1148
3035-160
3036-2139
3037-686
3038-1139
3039-2633
3040-2870
3041-173
3042-2737
3043-3189
3044-3754
3045-2917
3046-536
3047-1075
3048-3691
3049-1007
3050-1141
3051-1316
3052-2683
3053-2070
3054-3641
3055-902
3056-3158
3057-2990
3058-1547
3059-619
3060-522
3061-1165
3062-1866
3063-2048
3064-23
3065-2893
3066-3340
3067-1496
3068-144
3069-2424
3070-2999
3071-3348
3072-2739
3073-2501
3074-1947
3075-1719
3076-3453
3077-1596
3078-1692
3079-379
3080-2831
3081-376
3082-1906
3083-311
3084-3274
3085-1338
3086-2002
3087-1010
3088-3136
3089-2878
3090-1021
3091-820
3092-1864
3093-241
3094-1172
3095-3724
3096-1876
3097-882
3098-2439
3099-306
3100-3495
3101-1598
3102-3581
3103-1416
3104-3631
3105-1493
3106-1239
3107-1637
3108-3577
3109-2843
3110-1025
3111-3676
3112-1878
3113-2680
3114-3173
3115-3198
3116-2455
3117-1710
3118-2254
3119-954
3120-3583
3121-2828
3122-3567
3123-3297
3124-3027
3125-929
3126-1446
3127-1491
3128-2342
3129-1868
3130-1246
3131-255
3132-3422
3133-2813
3134-2751
3135-3325
3136-24
3137-306
3138-1848
3139-3689
3140-566
3141-3476
3142-1350
3143-819
3144-191
3145-1834
3146-1958
3147-1742
3148-1319
3149-860
3150-1778
3151-3260
3152-3161
3153-1315
3154-2034
3155-1454
3156-1974
3157-3548
3158-3683
3159-839
3160-3153
3161-3629
3162-3552
3163-2586
3164-1716
3165-2507
3166-2291
3167-189
3168-3334
3169-1178
3170-1909
3171-2010
3172-438
3173-2360
3174-956
3175-3813
3176-2406
3177-1955
3178-1894
3179-447
3180-980
3181-3577
3182-2960
3183-1668
3184-620
3185-764
3186-1126
3187-1102
3188-3567
3189-3243
3190-1832
3191-2427
3192-726
3193-1977
3194-2085
3195-1687
3196-2057
3197-1537
3198-2776
3199-1475
3200-1485
3201-822
3202-1027
3203-2897
3204-3284
3205-1887
3206-3723
3207-3430
3208-29
3209-387
3210-3137
3211-212
3212-592
3213-922
3214-671
3215-345
3216-1528
3217-1566
3218-1636
3219-192
3220-3786
3221-1818
3222-2579
3223-2420
3224-853
3225-2909
3226-9
3227-3416
3228-3094
3229-3284
3230-1835
3231-1991
3232-2384
3233-1156
3234-326
3235-3052
3236-3075
3237-454
3238-1720
3239-3884
3240-392
3241-3541
3242-3742
3243-2796
3244-1141
3245-2937
3246-4
3247-1971
3248-913
3249-307
3250-3984
3251-1472
3252-2907
3253-2952
3254-33
3255-2888
3256-1130
3257-2705
3258-3524
3259-475
3260-1457
3261-3525
3262-1347
3263-184
3264-2317
3265-1061
3266-1007
3267-1675
3268-3549
3269-291
3270-3807
3271-2649
3272-3412
3273-466
3274-3692
3275-3269
3276-1893
3277-124
3278-2707
3279-444
3280-1285
3281-3958
3282-669
3283-2977
3284-758
3285-192
3286-748
3287-2021
3288-3817
3289-2826
3290-3991
3291-3193
3292-2968
3293-1027
3294-3377
3295-2826
3296-1429
3297-1338
3298-1175
3299-1765
3300-3480
3301-581
3302-2291
3303-551
3304-2936
3305-1355
3306-95
3307-1554
3308-821
3309-2999
3310-2859
3311-2660
3312-2552
3313-813
3314-1402
3315-1893
3316-26
3317-631
3318-3857
3319-2194
3320-1865
3321-3144
3322-250
3323-3764
3324-3550
3325-3417
3326-3978
3327-2436
3328-1419
3329-1373
3330-863
3331-3605
3332-1975
3333-1515
3334-2541
3335-2226
3336-2521
3337-3438
3338-2050
3339-2857
3340-1024
3341-1560
3342-1986
3343-3161
3344-3193
3345-2872
3346-1764
3347-3336
3348-1904
3349-627
3350-3609
3351-2789
3352-1997
3353-174
3354-20
3355-2091
3356-706
3357-2455
3358-1782
3359-3153
3360-1171
3361-676
3362-1334
3363-395
3364-2490
3365-1532
3366-1023
3367-2125
3368-1073
3369-3151
3370-1468
3371-1668
3372-1053
3373-533
3374-3542
3375-3843
3376-505
3377-393
3378-3633
3379-2498
3380-1609
3381-3226
3382-3602
3383-1059
3384-414
3385-766
3386-3784
3387-3574
3388-428
3389-335
3390-2739
3391-693
3392-2205
3393-2884
3394-1969
3395-1188
3396-1722
3397-2660
3398-3448
3399-2235
3400-1106
3401-1771
3402-3010
3403-2142
3404-2603
3405-2885
3406-846
3407-124
3408-3568
3409-1704
3410-2513
3411-1337
3412-1434
3413-108
3414-471
3415-1374
3416-2777
3417-2898
3418-532
3419-671
3420-1408
3421-2182
3422-2660
3423-1280
3424-181
3425-3385
3426-1357
3427-704
3428-3871
3429-773
3430-76
3431-1620
3432-3355
3433-1836
3434-2223
3435-3276
3436-2521
3437-3572
3438-1208
3439-1494
3440-3787
3441-1984
3442-3573
3443-2466
3444-1532
3445-3742
3446-3503
3447-15
3448-2398
3449-3899
3450-1264
3451-462
3452-1171
3453-2829
3454-2867
3455-2712
3456-630
3457-1460
3458-1194
3459-1220
3460-3287
3461-3928
3462-491
3463-2967
3464-3774
3465-3658
3466-3733
3467-2326
3468-1216
3469-3877
3470-3339
3471-2373
3472-2963
3473-1328
3474-1171
3475-418
3476-3181
3477-478
3478-394
3479-3834
3480-3357
3481-2868
3482-2020
3483-1198
3484-557
3485-990
3486-2107
3487-3171
3488-3664
3489-1960
3490-1474
3491-2558
3492-1053
3493-3012
3494-2770
3495-142
3496-66
3497-3620
3498-3387
3499-339
3500-2915
3501-3226
3502-1547
3503-3919
3504-1942
3505-3230
3506-3505
3507-3444
3508-552
3509-1116
3510-52
3511-2959
3512-2841
3513-838
3514-2443
3515-3660
3516-1777
3517-3380
3518-1333
3519-2736
3520-2810
3521-1925
3522-804
3523-1551
3524-261
3525-283
3526-3246
3527-2535
3528-2412
3529-811
3530-534
3531-856
3532-3476
3533-1026
3534-1850
3535-3876
3536-826
3537-1050
3538-2395
3539-628
3540-2252
3541-549
3542-3099
3543-1686
3544-2954
3545-1097
3546-1525
3547-3111
3548-3199
3549-2108
3550-426
3551-530
3552-776
3553-1014
3554-3965
3555-2583
3556-3336
3557-3938
3558-1465
3559-284
3560-433
3561-3176
3562-2708
3563-2649
3564-2693
3565-3358
3566-2986
3567-3741
3568-3633
3569-3188
3570-388
3571-771
3572-1341
3573-797
3574-391
3575-3297
3576-1496
3577-1896
3578-2868
3579-2531
3580-1278
3581-802
3582-804
3583-1648
3584-1280
3585-60
3586-2154
3587-70
3588-3021
3589-1326
3590-1322
3591-621
3592-2511
3593-737
3594-898
3595-1584
3596-3239
3597-609
3598-1799
3599-2038
3600-1793
3601-2606
3602-1537
3603-2776
3604-611
3605-3754
3606-1454
3607-2063
3608-3926
3609-869
3610-659
3611-2607
3612-1983
3613-1978
3614-910
3615-619
3616-1918
3617-2244
3618-2272
3619-2159
3620-906
3621-1329
3622-3119
3623-2238
3624-2566
3625-2540
3626-354
3627-1846
3628-983
3629-2892
3630-3503
3631-175
3632-2188
3633-859
3634-2408
3635-3013
3636-1801
3637-3297
3638-1956
3639-1098
3640-765
3641-2118
3642-2654
3643-2647
3644-2623
3645-2305
3646-1627
3647-1131
3648-1172
3649-3843
3650-3809
3651-2411
3652-1287
3653-398
3654-3153
3655-2142
3656-3199
3657-3300
3658-3628
3659-578
3660-277
3661-1946
3662-973
3663-2567
3664-175
3665-1473
3666-2665
3667-3377
3668-1156
3669-1504
3670-688
3671-2863
3672-1591
3673-2736
3674-1029
3675-54
3676-3903
3677-78
3678-3596
3679-355
3680-632
3681-1933
3682-2441
3683-2256
3684-1222
3685-1153
3686-914
3687-1193
3688-3881
3689-3947
3690-2281
3691-1264
3692-2557
3693-2694
3694-1390
3695-195
3696-3217
3697-2107
3698-2049
3699-1877
3700-3071
3701-1602
3702-725
3703-2689
3704-476
3705-2379
3706-565
3707-2232
3708-2284
3709-3352
3710-3527
3711-3479
3712-1059
3713-2538
3714-1125
3715-3139
3716-3783
3717-312
3718-62
3719-3027
3720-678
3721-274
3722-2899
3723-3880
3724-3530
3725-1821
3726-2961
3727-2785
3728-1756
3729-3472
3730-1791
3731-2656
3732-3469
3733-2133
3734-1947
3735-3742
3736-2074
3737-2390
3738-1786
3739-125
3740-2378
3741-180
3742-2674
3743-2900
3744-321
3745-3624
3746-1149
3747-2804
3748-3812
3749-755
3750-776
3751-2846
3752-3424
3753-1577
3754-3665
3755-875
3756-3690
3757-3979
3758-812
3759-3916
3760-2182
3761-1882
3762-2466
3763-2064
3764-1104
3765-2156
3766-3223
3767-3059
3768-463
3769-2335
3770-3364
3771-1853
3772-1187
3773-826
3774-211
3775-3628
3776-3497
3777-2636
3778-177
3779-1649
3780-3112
3781-820
3782-2228
3783-2761
3784-1464
3785-493
3786-3060
3787-3783
3788-104
3789-580
3790-2826
3791-3700
3792-1342
3793-950
3794-1751
3795-534
3796-176
3797-3959
3798-924
3799-2104
3800-2756
3801-1246
3802-2931
3803-46
3804-1119
3805-2303
3806-1472
3807-161
3808-1381
3809-1923
3810-3385
3811-3199
3812-3589
3813-3727
3814-3098
3815-3101
3816-2123
3817-1061
3818-920
3819-1228
3820-3866
3821-782
3822-2907
3823-2819
3824-2488
3825-3125
3826-1181
3827-3359
3828-2967
3829-1375
3830-2075
3831-704
3832-1160
3833-1489
3834-2006
3835-2512
3836-3386
3837-315
3838-3580
3839-2376
3840-2827
3841-681
3842-935
3843-3072
3844-2078
3845-2897
3846-1198
3847-2189
3848-2553
3849-1860
3850-2560
3851-2097
3852-522
3853-1361
3854-3179
3855-1462
3856-2698
3857-2769
3858-1462
3859-3115
3860-331
3861-1311
3862-905
3863-339
3864-2394
3865-1672
3866-3416
3867-2460
3868-1493
3869-1008
3870-2643
3871-2177
3872-2091
3873-2098
3874-1493
3875-3211
3876-475
3877-2633
3878-1417
3879-2997
3880-1895
3881-38
3882-727
3883-3688
3884-2836
3885-2721
3886-3318
3887-1164
3888-1444
3889-2364
3890-1869
3891-1965
3892-3909
3893-508
3894-3685
3895-3118
3896-300
3897-3573
3898-1328
3899-47
3900-3944
3901-3810
3902-621
3903-3784
3904-2839
3905-2913
3906-901
3907-3770
3908-3589
3909-2190
3910-2777
3911-3255
3912-2423
3913-2113
3914-2087
3915-3912
3916-744
3917-2342
3918-3028
3919-183
3920-3532
3921-3028
3922-188
3923-307
3924-8
3925-3906
3926-3352
3927-290
3928-2652
3929-1683
3930-1459
3931-737
3933-794
3934-2429
3935-3309
3936-867
3937-2533
3938-1788
3939-1537
3940-1290
3941-3825
3942-461
3943-782
3944-3449
3945-868
3946-1282
3947-196
3948-2637
3949-3054
3950-2087
3951-1656
3952-1240
3953-1829
3954-3899
3955-3342
3956-300
3957-2700
3958-1552
3959-426
3960-544
3961-3789
3962-1867
3963-2392
3964-1668
3965-109
3966-106
3967-396
3968-2231
3969-3811
3970-3726
3971-2102
3972-406
3973-1760
3974-1803
3975-2486
3976-1987
3977-69
3978-3025
3979-3660
3980-2032
3981-1573
3982-841
3983-2968
3984-1619
3985-1631
3986-961
3987-1545
3988-618
3989-1114
3990-2860
3991-3932
3992-1415
3993-3271
3994-1807
3995-631
3996-835
3997-3052
3998-3369
3999-1483
